Iteration: 0
Error: 0.0622407
{
	{ 0, 41, 18, 16, 6, 0 },
	{ 0, 1993, 932, 734, 668, 180 },
	{ 0, 1882, 1033, 568, 515, 257 },
	{
		{
			  13,  173,   38,  -21, 
			 -47,    9,   57,   95, 
			  -5,  135,  154,   51, 
			-106,  -43,  -64,  -90, 
			-173, -109, -153, -205, 
			 -80,  -59, -123, -168, 
			  29,    8,  -85, -149, 
			  34,   62,  -55,   -1, 
		},
		{
			  -5,   36,  112,  111, 
			 -11,  -70,   32,  -30, 
			  42,   44,   33,   20, 
			 -14,  -52,   -1,  -27, 
			 -15,  -22,  -21,  -28, 
			 -26,   14,  -14,  -16, 
			 -57,  -15,   33,   -3, 
			 -15,  -41,  -33,   12, 
		},
		{
			  70,   96,   32,  146, 
			  54,   64,  165,  164, 
			 -18,   59,   61,   47, 
			 -63,  -31,   16,   28, 
			 -81,  -47,  -47,  -16, 
			 -99,  -52,  -47,  -42, 
			-130,  -44,  -46,  -34, 
			 -60,  -62,  -24,    6, 
		},
		{
			 -49,   -7, -162,  -86, 
			 -87,   29,   23,    9, 
			 -24,   69,   88,   70, 
			 -11,   -3,   50,   81, 
			 -19,    9,   13,   48, 
			  -2,   21,   29,   17, 
			   2,   36,   23,   -5, 
			 -78,  -30,  -34,  -46, 
		},
		{
			-321, -152, -144,    5, 
			-111,  -34,  148,   49, 
			  -2,  155,  121,  165, 
			  33,   40,   83,   86, 
			 -18,   28,   40,   41, 
			 -28,   20,   35,   34, 
			 -42,  -68,    0,    5, 
			-124,  -28,  -71,  -49, 
		},
		{
			 -29,  -29,  -29,  -29, 
			  56,  155,  155,  198, 
			 -59,    0,   67,   80, 
			 -62,    3,   -7,   21, 
			 -78,  -23,  -32,    8, 
			 -64,   -7,  -26,  -26, 
			 -84,    0,  -26,  -61, 
			 -29,  -29,  -29,  -29, 
		},
	},
	{
		{
			 -82,  -61,  -19,  -37, 
			   7,   29,   32,    2, 
			  12,   36,   36,   13, 
			   2,   44,   58,   55, 
			 -12,   18,   58,   73, 
			 -19,   10,   39,   60, 
			 -53,  -20,   17,   38, 
			-121,  -71,  -32,  -67, 
		},
		{
			 -11,    3,  -12,    4, 
			 -31,   50,   50,  101, 
			 -40,  -21,   30,   98, 
			  19,   89,   47,  105, 
			 -19,   56,   46,   86, 
			 -11,  -57,   21,   10, 
			 -61,  -72, -100,  -33, 
			 -99,  -68,  -72, -107, 
		},
		{
			   9,    2,   26,    4, 
			  12,   10,  -12,  -12, 
			   7,   -1,   -2,    4, 
			  10,    2,   14,   -1, 
			  -2,    2,    9,    0, 
			 -11,   -5,  -12,   -6, 
			  -2,  -13,   -5,   -4, 
			 -23,    7,    0,   -3, 
		},
		{
			 -27,  -26,   10,    3, 
			   2,   -5,    3,   -5, 
			  18,   -6,    4,    0, 
			  10,   26,   27,   27, 
			  -2,   12,   32,   34, 
			 -14,    0,   18,   33, 
			 -38,  -27,  -11,   17, 
			 -23,   -8,  -37,   -4, 
		},
		{
			 -92,  -50,    4,  -26, 
			 -29,    8,  -24,   24, 
			 -30,  -15,   45,   33, 
			  -6,   41,   68,   78, 
			  -5,   31,   64,   74, 
			 -19,    7,   24,   53, 
			 -55,   -7,    2,   19, 
			 -58,  -77,  -11,   -5, 
		},
		{
			 -60,  -60,  -60,  -60, 
			 322,  286,  234,  201, 
			 124,  130,   67,   51, 
			 -14,  -26,  -46,  -66, 
			 -54,  -53,  -76,  -83, 
			 -71,  -59,  -76,  -63, 
			 -59,  -53,  -55,  -44, 
			 -60,  -60,  -60,  -60, 
		},
	},
}
Iteration: 1
Error: 0.0622405
{
	{ 0, 41, 18, 16, 6, 0 },
	{ 0, 1993, 932, 734, 668, 180 },
	{ 0, 1882, 1033, 568, 515, 257 },
	{
		{
			  13,  172,   38,  -21, 
			 -48,    9,   57,   95, 
			  -5,  135,  153,   51, 
			-106,  -43,  -63,  -90, 
			-173, -109, -153, -205, 
			 -80,  -59, -123, -168, 
			  29,    8,  -85, -149, 
			  34,   62,  -55,   -1, 
		},
		{
			  -5,   36,  112,  111, 
			 -11,  -70,   32,  -30, 
			  42,   44,   33,   20, 
			 -14,  -52,   -1,  -27, 
			 -15,  -22,  -21,  -28, 
			 -26,   14,  -14,  -16, 
			 -57,  -15,   33,   -3, 
			 -14,  -41,  -33,   12, 
		},
		{
			  70,   96,   32,  146, 
			  54,   64,  165,  164, 
			 -18,   59,   59,   47, 
			 -63,  -31,   16,   28, 
			 -81,  -47,  -47,  -16, 
			 -99,  -52,  -47,  -42, 
			-130,  -44,  -46,  -34, 
			 -60,  -62,  -24,    6, 
		},
		{
			 -49,   -6, -162,  -86, 
			 -87,   29,   23,    9, 
			 -24,   69,   88,   70, 
			 -11,   -3,   50,   81, 
			 -19,    9,   13,   48, 
			  -2,   21,   29,   17, 
			   1,   36,   23,   -5, 
			 -78,  -30,  -34,  -46, 
		},
		{
			-321, -152, -144,    5, 
			-111,  -34,  148,   49, 
			  -2,  155,  121,  165, 
			  34,   40,   83,   86, 
			 -18,   29,   40,   41, 
			 -28,   20,   35,   34, 
			 -42,  -68,    0,    5, 
			-126,  -28,  -71,  -49, 
		},
		{
			 -29,  -29,  -29,  -29, 
			  56,  155,  155,  198, 
			 -58,    0,   67,   80, 
			 -62,    3,   -7,   21, 
			 -78,  -23,  -32,    8, 
			 -64,   -7,  -26,  -26, 
			 -84,    0,  -26,  -61, 
			 -29,  -29,  -29,  -29, 
		},
	},
	{
		{
			 -82,  -61,  -19,  -37, 
			   6,   29,   32,    2, 
			  12,   36,   35,   13, 
			   2,   45,   58,   55, 
			 -12,   18,   58,   73, 
			 -19,   10,   39,   60, 
			 -53,  -20,   17,   38, 
			-121,  -71,  -32,  -67, 
		},
		{
			 -11,    3,  -12,    4, 
			 -31,   55,   50,  101, 
			 -40,  -21,   30,   98, 
			  19,   89,   47,  105, 
			 -19,   56,   46,   86, 
			 -12,  -57,   21,   10, 
			 -61,  -72, -100,  -33, 
			 -97,  -66,  -72, -107, 
		},
		{
			   9,    2,   26,    4, 
			  12,   10,  -12,  -12, 
			   7,   -1,   -2,    4, 
			  10,    2,   14,   -1, 
			  -2,    2,    9,    0, 
			 -11,   -5,  -12,   -6, 
			  -2,  -13,   -5,   -4, 
			 -23,    7,    0,   -3, 
		},
		{
			 -27,  -26,   10,    3, 
			   4,   -5,    2,   -5, 
			  18,   -6,    8,    0, 
			  10,   26,   27,   27, 
			  -2,   12,   32,   34, 
			 -14,    0,   18,   33, 
			 -38,  -27,  -11,   17, 
			 -23,   -8,  -37,   -4, 
		},
		{
			 -92,  -50,    4,  -26, 
			 -29,    8,  -24,   24, 
			 -30,  -15,   45,   32, 
			  -6,   41,   68,   78, 
			  -5,   31,   64,   74, 
			 -19,    7,   24,   53, 
			 -55,   -7,    2,   19, 
			 -58,  -77,  -11,   -5, 
		},
		{
			 -60,  -60,  -60,  -60, 
			 322,  286,  234,  201, 
			 124,  130,   67,   51, 
			 -14,  -26,  -46,  -66, 
			 -54,  -53,  -76,  -83, 
			 -71,  -59,  -76,  -63, 
			 -59,  -53,  -55,  -44, 
			 -60,  -60,  -60,  -60, 
		},
	},
}
Iteration: 2
Error: 0.0622405
{
	{ 0, 41, 18, 16, 6, 0 },
	{ 0, 1993, 932, 734, 668, 180 },
	{ 0, 1882, 1033, 568, 515, 257 },
	{
		{
			  13,  172,   38,  -21, 
			 -48,    9,   57,   95, 
			  -5,  135,  153,   51, 
			-106,  -43,  -63,  -90, 
			-173, -109, -153, -205, 
			 -80,  -59, -123, -168, 
			  29,    8,  -85, -149, 
			  34,   62,  -55,   -1, 
		},
		{
			  -5,   36,  112,  111, 
			 -11,  -70,   32,  -30, 
			  42,   44,   33,   20, 
			 -14,  -52,   -1,  -27, 
			 -15,  -22,  -21,  -28, 
			 -26,   14,  -14,  -16, 
			 -57,  -15,   33,   -3, 
			 -14,  -41,  -33,   12, 
		},
		{
			  70,   96,   32,  146, 
			  54,   64,  165,  164, 
			 -18,   59,   59,   47, 
			 -63,  -31,   16,   28, 
			 -81,  -47,  -47,  -16, 
			-100,  -52,  -47,  -42, 
			-130,  -44,  -46,  -34, 
			 -60,  -62,  -24,    6, 
		},
		{
			 -49,   -6, -162,  -86, 
			 -87,   29,   23,    9, 
			 -24,   69,   83,   70, 
			 -11,   -3,   50,   81, 
			 -19,    9,   13,   48, 
			  -2,   21,   29,   17, 
			   1,   36,   23,   -5, 
			 -78,  -30,  -34,  -46, 
		},
		{
			-321, -152, -144,    5, 
			-111,  -34,  148,   49, 
			  -2,  155,  121,  164, 
			  34,   40,   83,   86, 
			 -18,   29,   40,   41, 
			 -28,   20,   35,   34, 
			 -42,  -68,    0,    5, 
			-126,  -28,  -71,  -49, 
		},
		{
			 -29,  -29,  -29,  -29, 
			  56,  155,  155,  198, 
			 -58,    0,   67,   80, 
			 -62,    3,   -7,   21, 
			 -78,  -23,  -32,    8, 
			 -64,   -7,  -26,  -26, 
			 -84,    0,  -26,  -61, 
			 -29,  -29,  -29,  -29, 
		},
	},
	{
		{
			 -82,  -61,  -19,  -37, 
			   6,   29,   32,    2, 
			  12,   36,   35,   13, 
			   2,   45,   58,   55, 
			 -12,   18,   58,   73, 
			 -19,   10,   39,   60, 
			 -53,  -20,   17,   38, 
			-121,  -71,  -32,  -67, 
		},
		{
			 -11,    3,  -12,    4, 
			 -31,   55,   50,  101, 
			 -40,  -21,   30,   98, 
			  19,   89,   47,  105, 
			 -19,   56,   46,   86, 
			 -12,  -57,   21,   10, 
			 -61,  -72, -100,  -33, 
			 -97,  -66,  -72, -107, 
		},
		{
			   9,    2,   26,    4, 
			  12,   10,  -12,  -12, 
			   7,   -1,   -2,    4, 
			  10,    2,   14,   -1, 
			  -2,    2,    9,    0, 
			 -12,   -5,  -12,   -6, 
			  -2,  -13,   -5,   -4, 
			 -23,    7,    0,   -3, 
		},
		{
			 -27,  -26,   10,    3, 
			   4,   -5,    2,   -5, 
			  18,   -6,    8,    0, 
			  10,   26,   27,   27, 
			  -2,   12,   32,   34, 
			 -14,    0,   18,   33, 
			 -38,  -27,  -11,   17, 
			 -23,   -8,  -37,   -4, 
		},
		{
			 -92,  -50,    4,  -26, 
			 -29,    7,  -24,   24, 
			 -30,  -15,   45,   32, 
			  -6,   41,   68,   78, 
			  -5,   31,   64,   74, 
			 -19,    7,   24,   53, 
			 -55,   -7,    2,   19, 
			 -58,  -77,  -11,   -5, 
		},
		{
			 -60,  -60,  -60,  -60, 
			 322,  286,  234,  201, 
			 124,  130,   67,   51, 
			 -14,  -26,  -46,  -66, 
			 -54,  -53,  -76,  -83, 
			 -71,  -59,  -76,  -63, 
			 -59,  -53,  -55,  -44, 
			 -60,  -60,  -60,  -60, 
		},
	},
}
Iteration: 3
Error: 0.0622404
{
	{ 0, 41, 18, 16, 6, 0 },
	{ 0, 1993, 932, 734, 668, 180 },
	{ 0, 1882, 1033, 568, 515, 257 },
	{
		{
			  13,  172,   38,  -21, 
			 -48,    9,   57,   95, 
			  -5,  135,  153,   51, 
			-106,  -43,  -63,  -90, 
			-173, -109, -153, -205, 
			 -80,  -59, -123, -168, 
			  29,    8,  -85, -149, 
			  34,   62,  -55,   -1, 
		},
		{
			  -5,   36,  112,  111, 
			 -11,  -70,   32,  -30, 
			  42,   44,   33,   20, 
			 -14,  -52,   -1,  -27, 
			 -15,  -22,  -21,  -28, 
			 -26,   14,  -14,  -16, 
			 -57,  -15,   33,   -3, 
			 -14,  -41,  -33,   12, 
		},
		{
			  70,   96,   32,  146, 
			  54,   64,  165,  164, 
			 -18,   59,   59,   47, 
			 -63,  -31,   16,   28, 
			 -81,  -47,  -47,  -16, 
			-101,  -52,  -46,  -42, 
			-130,  -44,  -46,  -34, 
			 -60,  -62,  -24,    6, 
		},
		{
			 -49,   -6, -162,  -86, 
			 -87,   29,   22,    9, 
			 -24,   69,   83,   70, 
			 -11,   -3,   50,   81, 
			 -19,    9,   13,   48, 
			  -2,   21,   29,   17, 
			   1,   36,   23,   -5, 
			 -78,  -30,  -34,  -46, 
		},
		{
			-321, -152, -144,    5, 
			-111,  -35,  148,   49, 
			  -2,  155,  121,  164, 
			  34,   40,   83,   86, 
			 -18,   29,   40,   41, 
			 -28,   20,   35,   34, 
			 -42,  -68,    0,    5, 
			-126,  -28,  -71,  -49, 
		},
		{
			 -29,  -29,  -29,  -29, 
			  56,  155,  155,  198, 
			 -58,    0,   67,   80, 
			 -62,    3,   -7,   21, 
			 -78,  -23,  -32,    8, 
			 -64,   -7,  -26,  -26, 
			 -84,    0,  -26,  -61, 
			 -29,  -29,  -29,  -29, 
		},
	},
	{
		{
			 -82,  -61,  -19,  -37, 
			   6,   29,   32,    2, 
			  12,   36,   35,   13, 
			   2,   45,   58,   55, 
			 -12,   18,   58,   73, 
			 -19,   10,   39,   60, 
			 -53,  -20,   17,   38, 
			-121,  -71,  -32,  -67, 
		},
		{
			 -11,    3,  -12,    4, 
			 -31,   55,   50,  101, 
			 -40,  -21,   30,   98, 
			  19,   89,   47,  105, 
			 -19,   56,   46,   86, 
			 -12,  -57,   21,   10, 
			 -61,  -72, -100,  -33, 
			 -97,  -66,  -72, -107, 
		},
		{
			   9,    2,   26,    4, 
			  12,   10,  -12,  -12, 
			   7,   -1,   -2,    4, 
			  10,    2,   14,   -1, 
			  -2,    2,    9,    0, 
			 -12,   -5,  -12,   -6, 
			  -2,  -13,   -5,   -4, 
			 -23,    7,    0,   -3, 
		},
		{
			 -27,  -26,   10,    3, 
			   4,   -4,    2,   -5, 
			  18,   -6,    8,    0, 
			  10,   26,   27,   27, 
			  -2,   12,   32,   34, 
			 -14,    0,   18,   33, 
			 -38,  -27,  -11,   17, 
			 -23,   -8,  -37,   -4, 
		},
		{
			 -92,  -50,    4,  -21, 
			 -29,    7,  -24,   24, 
			 -30,  -15,   45,   32, 
			  -6,   41,   68,   78, 
			  -5,   31,   64,   74, 
			 -19,    7,   24,   53, 
			 -55,   -7,    2,   19, 
			 -58,  -77,  -11,   -5, 
		},
		{
			 -60,  -60,  -60,  -60, 
			 322,  286,  234,  201, 
			 124,  130,   67,   51, 
			 -14,  -26,  -46,  -66, 
			 -54,  -53,  -76,  -83, 
			 -71,  -59,  -76,  -63, 
			 -59,  -53,  -55,  -44, 
			 -60,  -60,  -60,  -60, 
		},
	},
}
Iteration: 4
Error: 0.0622404
{
	{ 0, 41, 18, 16, 6, 0 },
	{ 0, 1993, 932, 734, 668, 180 },
	{ 0, 1882, 1033, 568, 515, 257 },
	{
		{
			  13,  172,   38,  -21, 
			 -48,    9,   57,   95, 
			  -5,  135,  153,   51, 
			-106,  -43,  -63,  -90, 
			-173, -109, -153, -205, 
			 -80,  -59, -123, -168, 
			  29,    8,  -85, -149, 
			  34,   62,  -55,   -1, 
		},
		{
			  -5,   36,  107,  111, 
			 -11,  -70,   32,  -30, 
			  42,   44,   33,   20, 
			 -14,  -52,   -1,  -28, 
			 -15,  -22,  -21,  -28, 
			 -26,   14,  -14,  -16, 
			 -57,  -15,   33,   -3, 
			 -14,  -41,  -33,   12, 
		},
		{
			  70,   96,   32,  146, 
			  54,   64,  165,  164, 
			 -18,   59,   59,   47, 
			 -63,  -31,   16,   28, 
			 -81,  -47,  -47,  -16, 
			-101,  -52,  -46,  -42, 
			-130,  -44,  -46,  -34, 
			 -60,  -62,  -24,    6, 
		},
		{
			 -49,   -6, -162,  -86, 
			 -88,   30,   22,    9, 
			 -24,   69,   83,   70, 
			 -11,   -3,   50,   81, 
			 -19,    9,   13,   48, 
			  -2,   21,   29,   17, 
			   1,   36,   23,   -5, 
			 -78,  -30,  -34,  -46, 
		},
		{
			-321, -152, -144,    5, 
			-111,  -35,  148,   49, 
			  -2,  155,  121,  164, 
			  34,   40,   83,   86, 
			 -18,   30,   40,   41, 
			 -28,   20,   35,   34, 
			 -42,  -68,    0,    5, 
			-125,  -28,  -71,  -49, 
		},
		{
			 -29,  -29,  -29,  -29, 
			  56,  155,  155,  198, 
			 -58,    0,   67,   80, 
			 -62,    3,   -7,   21, 
			 -78,  -23,  -32,    8, 
			 -64,   -7,  -26,  -26, 
			 -84,    0,  -26,  -61, 
			 -29,  -29,  -29,  -29, 
		},
	},
	{
		{
			 -82,  -61,  -19,  -37, 
			   6,   29,   32,    2, 
			  12,   36,   35,   13, 
			   2,   45,   58,   55, 
			 -12,   18,   58,   73, 
			 -19,   10,   39,   60, 
			 -53,  -20,   17,   38, 
			-121,  -71,  -32,  -67, 
		},
		{
			 -11,    3,  -12,    4, 
			 -31,   55,   50,  106, 
			 -40,  -21,   30,   98, 
			  19,   89,   47,  104, 
			 -19,   56,   46,   86, 
			 -12,  -57,   21,   10, 
			 -61,  -72, -100,  -33, 
			 -97,  -66,  -72, -107, 
		},
		{
			   9,    2,   26,    4, 
			  12,   10,  -12,  -12, 
			   7,   -1,   -2,    4, 
			  10,    2,   14,   -1, 
			  -2,    2,    9,    0, 
			 -12,   -5,  -12,   -6, 
			  -2,  -13,   -5,   -4, 
			 -23,    7,    0,   -3, 
		},
		{
			 -27,  -26,   10,    3, 
			   4,   -3,    2,   -5, 
			  18,   -6,    8,    0, 
			  10,   26,   27,   27, 
			  -2,   12,   32,   34, 
			 -14,    0,   18,   33, 
			 -38,  -27,  -11,   17, 
			 -23,   -8,  -37,   -4, 
		},
		{
			 -92,  -50,    4,  -21, 
			 -29,    6,  -24,   24, 
			 -30,  -15,   45,   32, 
			  -6,   41,   68,   78, 
			  -5,   31,   64,   74, 
			 -19,    7,   24,   53, 
			 -55,   -7,    2,   19, 
			 -57,  -77,  -11,   -5, 
		},
		{
			 -60,  -60,  -60,  -60, 
			 322,  286,  234,  201, 
			 124,  130,   67,   51, 
			 -14,  -26,  -46,  -66, 
			 -54,  -53,  -76,  -83, 
			 -71,  -59,  -76,  -63, 
			 -59,  -53,  -55,  -44, 
			 -60,  -60,  -60,  -60, 
		},
	},
}
Iteration: 5
Error: 0.0622404
{
	{ 0, 41, 18, 16, 6, 0 },
	{ 0, 1993, 932, 734, 668, 180 },
	{ 0, 1882, 1033, 568, 515, 257 },
	{
		{
			  13,  172,   38,  -21, 
			 -48,    9,   57,   95, 
			  -5,  135,  153,   51, 
			-106,  -43,  -63,  -90, 
			-173, -109, -153, -205, 
			 -80,  -59, -123, -168, 
			  29,    8,  -85, -149, 
			  34,   62,  -55,   -1, 
		},
		{
			  -5,   36,  107,  111, 
			 -11,  -70,   32,  -30, 
			  42,   44,   33,   20, 
			 -14,  -52,   -1,  -28, 
			 -15,  -22,  -21,  -28, 
			 -26,   14,  -14,  -16, 
			 -57,  -15,   33,   -3, 
			 -14,  -41,  -33,   12, 
		},
		{
			  70,   96,   32,  146, 
			  49,   64,  165,  164, 
			 -18,   59,   59,   47, 
			 -63,  -31,   16,   28, 
			 -81,  -47,  -47,  -16, 
			-101,  -51,  -46,  -42, 
			-130,  -44,  -46,  -34, 
			 -60,  -62,  -24,    6, 
		},
		{
			 -49,   -6, -162,  -86, 
			 -88,   30,   22,    9, 
			 -24,   69,   83,   70, 
			 -11,   -3,   50,   81, 
			 -19,    9,   13,   48, 
			  -2,   21,   29,   17, 
			   1,   36,   23,   -5, 
			 -78,  -31,  -34,  -46, 
		},
		{
			-321, -152, -144,    5, 
			-111,  -35,  148,   49, 
			  -2,  155,  121,  164, 
			  34,   40,   83,   86, 
			 -18,   30,   40,   41, 
			 -28,   20,   35,   34, 
			 -42,  -68,    0,    5, 
			-124,  -28,  -71,  -49, 
		},
		{
			 -29,  -29,  -29,  -29, 
			  56,  155,  155,  198, 
			 -58,    0,   67,   80, 
			 -62,    3,   -7,   21, 
			 -78,  -23,  -32,    8, 
			 -64,   -7,  -26,  -26, 
			 -84,    0,  -26,  -61, 
			 -29,  -29,  -29,  -29, 
		},
	},
	{
		{
			 -82,  -61,  -19,  -37, 
			   6,   29,   32,    2, 
			  12,   36,   35,   13, 
			   2,   45,   59,   55, 
			 -12,   18,   58,   73, 
			 -19,   10,   39,   60, 
			 -53,  -20,   17,   38, 
			-121,  -71,  -32,  -67, 
		},
		{
			 -11,    3,  -12,    4, 
			 -31,   55,   50,  106, 
			 -40,  -21,   30,   98, 
			  19,   89,   47,  104, 
			 -19,   56,   46,   86, 
			 -12,  -57,   21,   10, 
			 -61,  -72, -100,  -33, 
			 -97,  -67,  -72, -107, 
		},
		{
			   9,    2,   26,    4, 
			  12,   10,  -12,  -12, 
			   7,   -1,   -2,    4, 
			  10,    2,   14,   -1, 
			  -2,    2,    9,    0, 
			 -12,   -5,  -12,   -6, 
			  -2,  -13,   -5,   -4, 
			 -23,    7,    0,   -3, 
		},
		{
			 -27,  -26,   10,    3, 
			   4,   -3,    2,   -5, 
			  18,   -6,    8,    0, 
			  10,   26,   27,   27, 
			  -2,   12,   32,   34, 
			 -14,    0,   18,   33, 
			 -38,  -27,  -11,   17, 
			 -23,   -8,  -37,   -4, 
		},
		{
			 -92,  -50,    4,  -21, 
			 -29,    6,  -24,   23, 
			 -30,  -15,   45,   32, 
			  -6,   41,   68,   78, 
			  -5,   31,   64,   74, 
			 -19,    7,   24,   53, 
			 -55,   -7,    2,   19, 
			 -57,  -77,  -11,   -5, 
		},
		{
			 -60,  -60,  -60,  -60, 
			 322,  286,  234,  201, 
			 124,  130,   67,   51, 
			 -14,  -26,  -46,  -66, 
			 -54,  -53,  -76,  -83, 
			 -71,  -59,  -76,  -63, 
			 -59,  -53,  -55,  -44, 
			 -60,  -60,  -60,  -60, 
		},
	},
}
Iteration: 6
Error: 0.0622403
{
	{ 0, 41, 18, 16, 6, 0 },
	{ 0, 1993, 932, 734, 668, 180 },
	{ 0, 1882, 1033, 568, 515, 257 },
	{
		{
			  13,  172,   38,  -21, 
			 -48,    9,   57,   95, 
			  -5,  135,  153,   51, 
			-106,  -43,  -63,  -90, 
			-173, -109, -153, -205, 
			 -80,  -59, -123, -168, 
			  29,    8,  -85, -149, 
			  34,   62,  -55,   -1, 
		},
		{
			  -5,   36,  107,  111, 
			 -11,  -70,   32,  -30, 
			  42,   44,   33,   20, 
			 -14,  -52,   -1,  -28, 
			 -15,  -22,  -21,  -28, 
			 -26,   14,  -14,  -16, 
			 -57,  -15,   33,   -3, 
			 -14,  -41,  -33,   12, 
		},
		{
			  70,   96,   32,  146, 
			  49,   64,  165,  164, 
			 -18,   59,   59,   47, 
			 -63,  -31,   16,   28, 
			 -81,  -47,  -47,  -16, 
			-101,  -51,  -46,  -42, 
			-130,  -44,  -46,  -34, 
			 -60,  -62,  -24,    6, 
		},
		{
			 -49,   -6, -162,  -86, 
			 -88,   30,   22,    9, 
			 -24,   69,   83,   70, 
			 -11,   -3,   50,   81, 
			 -19,    9,   13,   48, 
			  -2,   21,   29,   17, 
			   1,   36,   23,   -5, 
			 -78,  -31,  -34,  -46, 
		},
		{
			-316, -152, -144,    5, 
			-111,  -35,  148,   49, 
			  -2,  155,  121,  164, 
			  34,   40,   83,   86, 
			 -18,   30,   40,   41, 
			 -28,   20,   35,   34, 
			 -42,  -68,    0,    5, 
			-124,  -28,  -71,  -49, 
		},
		{
			 -29,  -29,  -29,  -29, 
			  57,  156,  155,  198, 
			 -58,    0,   67,   80, 
			 -62,    3,   -7,   21, 
			 -78,  -23,  -32,    8, 
			 -64,   -7,  -26,  -26, 
			 -84,    0,  -26,  -61, 
			 -29,  -29,  -29,  -29, 
		},
	},
	{
		{
			 -82,  -61,  -19,  -37, 
			   6,   29,   32,    2, 
			  12,   36,   35,   13, 
			   2,   45,   59,   55, 
			 -12,   18,   58,   73, 
			 -19,   10,   39,   60, 
			 -53,  -20,   17,   38, 
			-121,  -71,  -32,  -67, 
		},
		{
			 -11,    3,  -12,    4, 
			 -31,   55,   50,  106, 
			 -40,  -21,   30,   98, 
			  19,   89,   47,  104, 
			 -19,   56,   46,   86, 
			 -12,  -57,   21,   10, 
			 -61,  -72, -100,  -33, 
			 -97,  -67,  -72, -107, 
		},
		{
			   9,    2,   26,    4, 
			  12,   10,  -12,  -12, 
			   7,   -1,   -2,    4, 
			  10,    2,   14,   -1, 
			  -2,    2,    9,    0, 
			 -12,   -5,  -12,   -6, 
			  -2,  -13,   -5,   -4, 
			 -23,    7,    0,   -3, 
		},
		{
			 -27,  -26,   10,    3, 
			   4,   -3,    2,   -5, 
			  18,   -6,    8,    0, 
			  10,   26,   27,   27, 
			  -2,   12,   32,   34, 
			 -14,    0,   18,   33, 
			 -38,  -27,  -11,   17, 
			 -23,   -8,  -37,   -4, 
		},
		{
			 -92,  -50,    4,  -21, 
			 -29,    6,  -24,   23, 
			 -30,  -15,   45,   32, 
			  -6,   41,   68,   78, 
			  -5,   31,   64,   74, 
			 -19,    7,   24,   53, 
			 -55,   -7,    2,   19, 
			 -57,  -77,  -11,   -5, 
		},
		{
			 -60,  -60,  -60,  -60, 
			 323,  286,  234,  201, 
			 124,  130,   67,   51, 
			 -14,  -26,  -46,  -66, 
			 -54,  -53,  -76,  -83, 
			 -71,  -59,  -76,  -63, 
			 -59,  -53,  -55,  -44, 
			 -60,  -60,  -60,  -60, 
		},
	},
}
Iteration: 7
Error: 0.0622403
{
	{ 0, 41, 18, 16, 6, 0 },
	{ 0, 1993, 932, 734, 668, 180 },
	{ 0, 1882, 1033, 568, 515, 257 },
	{
		{
			  13,  172,   38,  -21, 
			 -48,    9,   57,  101, 
			  -5,  135,  153,   51, 
			-106,  -43,  -63,  -90, 
			-173, -109, -153, -205, 
			 -80,  -59, -123, -168, 
			  29,    8,  -85, -149, 
			  34,   62,  -55,   -1, 
		},
		{
			  -5,   36,  107,  111, 
			 -11,  -70,   32,  -30, 
			  42,   44,   33,   20, 
			 -14,  -52,   -1,  -28, 
			 -15,  -22,  -21,  -28, 
			 -26,   14,  -14,  -16, 
			 -57,  -15,   33,   -3, 
			 -14,  -41,  -33,   12, 
		},
		{
			  70,   96,   32,  146, 
			  49,   64,  165,  164, 
			 -18,   59,   59,   47, 
			 -63,  -31,   16,   28, 
			 -81,  -47,  -47,  -16, 
			-101,  -51,  -46,  -42, 
			-130,  -44,  -46,  -34, 
			 -60,  -62,  -24,    6, 
		},
		{
			 -49,   -6, -162,  -86, 
			 -88,   30,   22,    9, 
			 -24,   69,   83,   70, 
			 -11,   -3,   50,   81, 
			 -19,    9,   13,   48, 
			  -2,   21,   29,   17, 
			   1,   36,   23,   -5, 
			 -78,  -31,  -34,  -46, 
		},
		{
			-316, -152, -144,    5, 
			-111,  -35,  148,   49, 
			  -2,  155,  121,  164, 
			  34,   40,   83,   86, 
			 -18,   30,   40,   41, 
			 -28,   20,   35,   34, 
			 -42,  -68,    0,    5, 
			-124,  -28,  -71,  -49, 
		},
		{
			 -29,  -29,  -29,  -29, 
			  57,  156,  155,  198, 
			 -58,    0,   67,   80, 
			 -62,    3,   -7,   21, 
			 -78,  -23,  -32,    8, 
			 -64,   -7,  -26,  -26, 
			 -84,    0,  -26,  -61, 
			 -29,  -29,  -29,  -29, 
		},
	},
	{
		{
			 -82,  -61,  -19,  -37, 
			   6,   29,   32,    2, 
			  12,   36,   35,   13, 
			   2,   45,   59,   55, 
			 -12,   18,   58,   73, 
			 -19,   10,   39,   60, 
			 -53,  -20,   17,   38, 
			-121,  -71,  -32,  -67, 
		},
		{
			 -11,    3,  -12,    4, 
			 -31,   55,   50,  106, 
			 -40,  -21,   30,   98, 
			  19,   89,   47,  104, 
			 -19,   56,   46,   86, 
			 -12,  -57,   21,   10, 
			 -61,  -72, -100,  -33, 
			 -97,  -67,  -72, -107, 
		},
		{
			   9,    2,   26,    4, 
			  12,   10,  -12,  -12, 
			   7,   -1,   -2,    4, 
			  10,    2,   14,   -1, 
			  -2,    2,    9,    0, 
			 -12,   -5,  -12,   -6, 
			  -2,  -13,   -5,   -4, 
			 -23,    7,    0,   -3, 
		},
		{
			 -27,  -26,   10,    3, 
			   4,   -3,    2,   -5, 
			  18,   -6,    8,    0, 
			  10,   26,   27,   27, 
			  -2,   12,   32,   34, 
			 -14,    0,   18,   33, 
			 -38,  -27,  -11,   17, 
			 -23,   -8,  -37,   -4, 
		},
		{
			 -92,  -50,    4,  -21, 
			 -29,    6,  -24,   23, 
			 -30,  -15,   45,   32, 
			  -6,   41,   68,   78, 
			  -5,   31,   64,   74, 
			 -19,    7,   24,   53, 
			 -55,   -8,    2,   19, 
			 -57,  -77,  -11,   -5, 
		},
		{
			 -60,  -60,  -60,  -60, 
			 323,  287,  234,  201, 
			 124,  130,   67,   51, 
			 -14,  -26,  -46,  -66, 
			 -54,  -53,  -76,  -83, 
			 -71,  -59,  -76,  -63, 
			 -59,  -53,  -55,  -44, 
			 -60,  -60,  -60,  -60, 
		},
	},
}
Iteration: 8
Error: 0.0622403
{
	{ 0, 41, 18, 16, 6, 0 },
	{ 0, 1993, 932, 734, 668, 180 },
	{ 0, 1882, 1033, 568, 515, 257 },
	{
		{
			  13,  172,   38,  -21, 
			 -48,    9,   57,  101, 
			  -5,  135,  153,   51, 
			-106,  -43,  -63,  -90, 
			-173, -109, -153, -205, 
			 -80,  -59, -123, -168, 
			  29,    8,  -85, -149, 
			  34,   62,  -55,   -1, 
		},
		{
			  -5,   36,  107,  111, 
			 -11,  -70,   32,  -30, 
			  42,   44,   33,   20, 
			 -14,  -52,   -1,  -28, 
			 -15,  -22,  -21,  -28, 
			 -26,   14,  -14,  -16, 
			 -57,  -15,   33,   -3, 
			 -14,  -41,  -33,   12, 
		},
		{
			  70,   96,   32,  146, 
			  49,   64,  165,  164, 
			 -18,   59,   59,   47, 
			 -63,  -31,   16,   28, 
			 -81,  -47,  -47,  -16, 
			-101,  -51,  -46,  -42, 
			-130,  -44,  -46,  -34, 
			 -60,  -62,  -24,    6, 
		},
		{
			 -49,   -6, -162,  -86, 
			 -88,   30,   22,    9, 
			 -24,   69,   83,   70, 
			 -11,   -3,   50,   81, 
			 -19,    9,   13,   48, 
			  -2,   21,   29,   17, 
			   1,   36,   23,   -5, 
			 -78,  -31,  -34,  -46, 
		},
		{
			-316, -152, -144,    5, 
			-111,  -35,  148,   49, 
			  -2,  155,  121,  164, 
			  34,   40,   83,   86, 
			 -18,   30,   40,   41, 
			 -28,   20,   35,   34, 
			 -42,  -69,    0,    5, 
			-124,  -28,  -71,  -49, 
		},
		{
			 -29,  -29,  -29,  -29, 
			  57,  156,  155,  198, 
			 -58,    0,   67,   80, 
			 -62,    3,   -7,   21, 
			 -78,  -23,  -32,    8, 
			 -64,   -7,  -26,  -26, 
			 -84,    0,  -26,  -61, 
			 -29,  -29,  -29,  -29, 
		},
	},
	{
		{
			 -82,  -61,  -19,  -37, 
			   6,   29,   32,    2, 
			  12,   36,   35,   13, 
			   2,   45,   59,   55, 
			 -12,   18,   58,   73, 
			 -19,   10,   39,   60, 
			 -53,  -20,   17,   38, 
			-121,  -71,  -32,  -67, 
		},
		{
			 -11,    3,  -12,    4, 
			 -31,   55,   50,  106, 
			 -40,  -21,   30,   98, 
			  19,   89,   47,  104, 
			 -19,   56,   46,   86, 
			 -12,  -57,   21,   10, 
			 -61,  -72, -100,  -33, 
			 -97,  -67,  -72, -107, 
		},
		{
			   9,    2,   26,    4, 
			  12,   10,  -12,  -12, 
			   7,   -1,   -2,    4, 
			  10,    2,   14,   -1, 
			  -2,    2,    9,    0, 
			 -12,   -5,  -12,   -6, 
			  -2,  -13,   -5,   -4, 
			 -23,    7,    0,   -3, 
		},
		{
			 -27,  -26,   10,    3, 
			   4,   -3,    2,   -5, 
			  18,   -6,    8,    0, 
			  10,   26,   27,   27, 
			  -2,   12,   32,   34, 
			 -14,    0,   18,   33, 
			 -38,  -27,  -11,   17, 
			 -23,   -8,  -37,   -4, 
		},
		{
			 -92,  -50,    4,  -21, 
			 -29,    6,  -24,   23, 
			 -30,  -15,   45,   32, 
			  -6,   41,   68,   78, 
			  -5,   31,   64,   74, 
			 -19,    7,   24,   53, 
			 -55,   -8,    2,   19, 
			 -57,  -77,  -11,   -5, 
		},
		{
			 -60,  -60,  -60,  -60, 
			 323,  286,  234,  201, 
			 124,  130,   67,   51, 
			 -14,  -26,  -46,  -66, 
			 -54,  -53,  -76,  -83, 
			 -71,  -59,  -76,  -63, 
			 -59,  -53,  -55,  -44, 
			 -60,  -60,  -60,  -60, 
		},
	},
}
Iteration: 9
Error: 0.0622403
{
	{ 0, 41, 18, 16, 6, 0 },
	{ 0, 1993, 932, 734, 668, 180 },
	{ 0, 1882, 1033, 568, 515, 257 },
	{
		{
			  13,  172,   38,  -21, 
			 -48,    9,   51,  101, 
			  -5,  135,  153,   51, 
			-106,  -43,  -63,  -90, 
			-173, -109, -153, -205, 
			 -80,  -59, -123, -168, 
			  29,    8,  -85, -149, 
			  34,   62,  -55,   -1, 
		},
		{
			  -5,   36,  107,  111, 
			 -11,  -70,   32,  -30, 
			  42,   44,   33,   20, 
			 -14,  -52,   -1,  -28, 
			 -15,  -22,  -21,  -28, 
			 -26,   14,  -14,  -16, 
			 -57,  -15,   33,   -3, 
			 -14,  -41,  -33,   12, 
		},
		{
			  70,   96,   32,  146, 
			  49,   64,  165,  164, 
			 -18,   59,   59,   47, 
			 -63,  -31,   16,   28, 
			 -81,  -47,  -47,  -16, 
			-101,  -51,  -46,  -42, 
			-130,  -44,  -46,  -34, 
			 -60,  -62,  -24,    6, 
		},
		{
			 -49,   -6, -162,  -86, 
			 -88,   30,   22,    9, 
			 -24,   69,   83,   70, 
			 -11,   -3,   50,   81, 
			 -19,    9,   13,   48, 
			  -2,   21,   29,   17, 
			   1,   36,   23,   -5, 
			 -78,  -31,  -34,  -46, 
		},
		{
			-316, -152, -144,    5, 
			-111,  -35,  148,   49, 
			  -2,  155,  121,  164, 
			  34,   40,   83,   86, 
			 -18,   30,   40,   41, 
			 -28,   20,   35,   34, 
			 -42,  -69,    0,    5, 
			-124,  -28,  -71,  -49, 
		},
		{
			 -29,  -29,  -29,  -29, 
			  57,  156,  155,  198, 
			 -58,    0,   67,   80, 
			 -62,    3,   -7,   21, 
			 -78,  -23,  -32,    8, 
			 -64,   -7,  -26,  -26, 
			 -84,    0,  -26,  -61, 
			 -29,  -29,  -29,  -29, 
		},
	},
	{
		{
			 -82,  -61,  -19,  -37, 
			   6,   29,   32,    2, 
			  12,   36,   35,   13, 
			   2,   45,   59,   55, 
			 -12,   18,   58,   73, 
			 -19,   10,   39,   60, 
			 -53,  -20,   17,   38, 
			-121,  -71,  -32,  -67, 
		},
		{
			 -11,    3,  -12,    4, 
			 -31,   55,   50,  106, 
			 -40,  -21,   30,   98, 
			  19,   89,   47,  104, 
			 -19,   56,   46,   86, 
			 -12,  -57,   21,   10, 
			 -61,  -72, -100,  -33, 
			 -97,  -67,  -72, -107, 
		},
		{
			   9,    2,   26,    4, 
			  12,   10,  -12,  -12, 
			   7,   -1,   -2,    4, 
			  10,    2,   14,   -1, 
			  -2,    2,    9,    0, 
			 -12,   -5,  -12,   -6, 
			  -2,  -13,   -5,   -4, 
			 -23,    7,    0,   -3, 
		},
		{
			 -27,  -26,   10,    3, 
			   4,   -3,    2,   -5, 
			  18,   -6,    8,    0, 
			  10,   26,   27,   27, 
			  -2,   12,   32,   34, 
			 -14,    0,   18,   33, 
			 -38,  -27,  -11,   17, 
			 -23,   -8,  -37,   -4, 
		},
		{
			 -92,  -50,    4,  -21, 
			 -29,    6,  -24,   23, 
			 -30,  -15,   45,   32, 
			  -6,   41,   68,   78, 
			  -5,   31,   64,   74, 
			 -19,    7,   24,   53, 
			 -55,   -8,    2,   19, 
			 -57,  -77,  -11,   -5, 
		},
		{
			 -60,  -60,  -60,  -60, 
			 323,  287,  234,  201, 
			 124,  130,   67,   51, 
			 -14,  -26,  -46,  -66, 
			 -54,  -53,  -76,  -83, 
			 -71,  -59,  -76,  -63, 
			 -59,  -53,  -55,  -44, 
			 -60,  -60,  -60,  -60, 
		},
	},
}
Iteration: 10
Error: 0.0622403
{
	{ 0, 41, 18, 16, 6, 0 },
	{ 0, 1993, 932, 734, 668, 180 },
	{ 0, 1882, 1033, 568, 515, 257 },
	{
		{
			  13,  172,   38,  -21, 
			 -48,    9,   51,  101, 
			  -5,  135,  153,   51, 
			-106,  -43,  -63,  -90, 
			-173, -109, -153, -205, 
			 -80,  -59, -123, -168, 
			  29,    8,  -85, -149, 
			  34,   62,  -55,   -1, 
		},
		{
			  -5,   36,  107,  111, 
			 -11,  -70,   32,  -30, 
			  42,   44,   33,   20, 
			 -14,  -52,   -1,  -28, 
			 -15,  -22,  -21,  -28, 
			 -26,   14,  -14,  -16, 
			 -57,  -15,   33,   -3, 
			 -14,  -41,  -33,   12, 
		},
		{
			  70,   96,   32,  146, 
			  49,   64,  165,  164, 
			 -18,   59,   59,   47, 
			 -63,  -31,   16,   28, 
			 -81,  -47,  -47,  -16, 
			-101,  -51,  -46,  -42, 
			-130,  -44,  -46,  -34, 
			 -60,  -62,  -24,    6, 
		},
		{
			 -49,   -6, -162,  -86, 
			 -88,   30,   22,    9, 
			 -24,   69,   83,   70, 
			 -11,   -3,   50,   81, 
			 -19,    9,   13,   48, 
			  -2,   21,   29,   17, 
			   1,   36,   23,   -5, 
			 -78,  -31,  -34,  -46, 
		},
		{
			-316, -152, -144,    5, 
			-111,  -35,  148,   49, 
			  -2,  155,  121,  164, 
			  34,   40,   83,   86, 
			 -18,   30,   40,   41, 
			 -28,   20,   35,   34, 
			 -42,  -69,    0,    5, 
			-124,  -28,  -71,  -49, 
		},
		{
			 -29,  -29,  -29,  -29, 
			  57,  156,  155,  198, 
			 -58,    0,   67,   80, 
			 -62,    3,   -7,   21, 
			 -78,  -23,  -32,    8, 
			 -64,   -7,  -26,  -26, 
			 -84,    0,  -26,  -61, 
			 -29,  -29,  -29,  -29, 
		},
	},
	{
		{
			 -82,  -61,  -19,  -37, 
			   6,   29,   32,    2, 
			  12,   36,   35,   13, 
			   2,   45,   59,   55, 
			 -12,   18,   58,   73, 
			 -19,   10,   39,   60, 
			 -53,  -20,   17,   38, 
			-121,  -71,  -32,  -67, 
		},
		{
			 -11,    3,  -12,    4, 
			 -31,   55,   50,  106, 
			 -40,  -21,   30,   98, 
			  19,   89,   47,  104, 
			 -19,   56,   46,   86, 
			 -12,  -57,   21,   10, 
			 -61,  -72, -100,  -33, 
			 -97,  -67,  -72, -107, 
		},
		{
			   9,    2,   26,    4, 
			  12,   10,  -12,  -12, 
			   7,   -1,   -2,    4, 
			  10,    2,   14,   -1, 
			  -2,    2,    9,    0, 
			 -12,   -5,  -12,   -6, 
			  -2,  -13,   -5,   -4, 
			 -23,    7,    0,   -3, 
		},
		{
			 -27,  -27,   10,    3, 
			   4,   -3,    2,   -5, 
			  18,   -6,    8,    0, 
			  10,   26,   27,   27, 
			  -2,   12,   32,   34, 
			 -14,    0,   18,   33, 
			 -38,  -27,  -11,   17, 
			 -23,   -8,  -37,   -4, 
		},
		{
			 -92,  -50,    4,  -21, 
			 -29,    6,  -24,   23, 
			 -30,  -15,   45,   32, 
			  -6,   41,   68,   78, 
			  -5,   31,   64,   74, 
			 -19,    7,   24,   53, 
			 -55,   -8,    2,   19, 
			 -57,  -77,  -11,   -5, 
		},
		{
			 -60,  -60,  -60,  -60, 
			 323,  287,  234,  201, 
			 124,  130,   67,   52, 
			 -14,  -26,  -46,  -66, 
			 -54,  -53,  -76,  -83, 
			 -71,  -59,  -76,  -63, 
			 -59,  -53,  -55,  -44, 
			 -60,  -60,  -60,  -60, 
		},
	},
}
Iteration: 11
Error: 0.0622403
{
	{ 0, 41, 18, 16, 6, 0 },
	{ 0, 1993, 932, 734, 668, 180 },
	{ 0, 1882, 1033, 568, 515, 257 },
	{
		{
			  13,  172,   38,  -21, 
			 -48,    9,   51,  101, 
			  -5,  135,  153,   51, 
			-106,  -43,  -63,  -90, 
			-173, -109, -153, -205, 
			 -80,  -59, -123, -168, 
			  29,    8,  -85, -149, 
			  34,   62,  -55,   -1, 
		},
		{
			  -5,   36,  107,  111, 
			 -11,  -70,   32,  -30, 
			  42,   44,   33,   20, 
			 -14,  -52,   -1,  -28, 
			 -15,  -22,  -21,  -28, 
			 -26,   14,  -14,  -16, 
			 -57,  -15,   33,   -3, 
			 -14,  -41,  -33,   12, 
		},
		{
			  70,   96,   32,  146, 
			  49,   64,  165,  164, 
			 -18,   59,   59,   47, 
			 -63,  -31,   16,   28, 
			 -81,  -47,  -47,  -16, 
			-101,  -51,  -46,  -41, 
			-130,  -44,  -46,  -34, 
			 -60,  -62,  -24,    6, 
		},
		{
			 -49,   -6, -162,  -86, 
			 -88,   30,   22,    9, 
			 -24,   69,   83,   70, 
			 -11,   -3,   50,   81, 
			 -19,    9,   13,   48, 
			  -2,   21,   29,   17, 
			   1,   36,   23,   -5, 
			 -78,  -31,  -34,  -46, 
		},
		{
			-316, -147, -144,    5, 
			-111,  -35,  148,   49, 
			  -2,  155,  121,  164, 
			  34,   40,   83,   86, 
			 -18,   30,   40,   41, 
			 -28,   20,   35,   34, 
			 -42,  -69,    0,    5, 
			-124,  -28,  -71,  -49, 
		},
		{
			 -29,  -29,  -29,  -29, 
			  56,  156,  155,  198, 
			 -58,    0,   67,   80, 
			 -62,    3,   -7,   21, 
			 -78,  -23,  -32,    8, 
			 -64,   -7,  -26,  -26, 
			 -84,    0,  -26,  -61, 
			 -29,  -29,  -29,  -29, 
		},
	},
	{
		{
			 -82,  -61,  -19,  -37, 
			   6,   29,   32,    2, 
			  12,   36,   35,   13, 
			   2,   45,   59,   55, 
			 -12,   18,   58,   73, 
			 -19,   10,   39,   60, 
			 -53,  -20,   17,   38, 
			-121,  -71,  -32,  -67, 
		},
		{
			 -11,    3,  -12,    4, 
			 -31,   55,   50,  106, 
			 -40,  -21,   30,   98, 
			  19,   89,   47,  104, 
			 -19,   56,   46,   86, 
			 -12,  -57,   21,   10, 
			 -61,  -72, -100,  -33, 
			 -97,  -66,  -72, -107, 
		},
		{
			   9,    2,   26,    4, 
			  12,   10,  -12,  -12, 
			   7,   -1,   -2,    4, 
			  10,    2,   14,   -1, 
			  -2,    2,    9,    0, 
			 -12,   -5,  -12,   -6, 
			  -2,  -13,   -5,   -4, 
			 -23,    7,    0,   -3, 
		},
		{
			 -27,  -27,   10,    3, 
			   4,   -3,    2,   -5, 
			  18,   -6,    8,    0, 
			  10,   26,   27,   27, 
			  -2,   12,   32,   34, 
			 -14,    0,   18,   33, 
			 -38,  -27,  -11,   17, 
			 -23,   -8,  -37,   -3, 
		},
		{
			 -90,  -50,    4,  -21, 
			 -29,    6,  -24,   23, 
			 -30,  -15,   45,   32, 
			  -6,   41,   68,   78, 
			  -5,   31,   64,   74, 
			 -19,    7,   24,   53, 
			 -50,   -8,    2,   19, 
			 -57,  -77,  -11,   -5, 
		},
		{
			 -60,  -60,  -60,  -60, 
			 323,  287,  234,  201, 
			 124,  130,   67,   52, 
			 -14,  -26,  -46,  -66, 
			 -54,  -53,  -76,  -83, 
			 -71,  -59,  -76,  -63, 
			 -59,  -53,  -55,  -44, 
			 -60,  -60,  -60,  -60, 
		},
	},
}
Iteration: 12
Error: 0.0622402
{
	{ 0, 41, 18, 16, 6, 0 },
	{ 0, 1993, 932, 734, 668, 180 },
	{ 0, 1882, 1033, 568, 515, 257 },
	{
		{
			  13,  172,   38,  -21, 
			 -48,    9,   51,  101, 
			  -5,  135,  153,   51, 
			-106,  -42,  -64,  -90, 
			-173, -109, -153, -205, 
			 -80,  -59, -123, -168, 
			  29,    8,  -85, -149, 
			  34,   62,  -55,   -1, 
		},
		{
			  -5,   36,  107,  111, 
			 -11,  -70,   32,  -30, 
			  42,   44,   33,   20, 
			 -14,  -52,   -1,  -28, 
			 -15,  -22,  -21,  -28, 
			 -26,   14,  -14,  -16, 
			 -57,  -15,   33,   -3, 
			 -14,  -41,  -33,   12, 
		},
		{
			  70,   96,   32,  146, 
			  49,   64,  165,  164, 
			 -18,   59,   59,   47, 
			 -63,  -31,   16,   28, 
			 -81,  -47,  -47,  -16, 
			-101,  -51,  -46,  -41, 
			-130,  -44,  -46,  -34, 
			 -60,  -62,  -24,    6, 
		},
		{
			 -49,   -6, -162,  -86, 
			 -88,   30,   22,    9, 
			 -24,   69,   83,   70, 
			 -11,   -3,   50,   81, 
			 -19,    9,   13,   48, 
			  -2,   21,   29,   17, 
			   1,   36,   23,   -5, 
			 -78,  -31,  -34,  -45, 
		},
		{
			-316, -147, -144,    5, 
			-111,  -35,  148,   49, 
			  -2,  155,  121,  164, 
			  34,   40,   83,   86, 
			 -18,   30,   40,   41, 
			 -28,   20,   35,   34, 
			 -42,  -69,    0,    5, 
			-124,  -28,  -71,  -49, 
		},
		{
			 -29,  -29,  -29,  -29, 
			  56,  156,  155,  198, 
			 -58,    0,   67,   80, 
			 -62,    3,   -7,   21, 
			 -78,  -23,  -32,    8, 
			 -64,   -7,  -26,  -26, 
			 -84,    0,  -26,  -61, 
			 -29,  -29,  -29,  -29, 
		},
	},
	{
		{
			 -82,  -61,  -19,  -37, 
			   6,   29,   32,    2, 
			  12,   36,   35,   13, 
			   2,   45,   59,   55, 
			 -12,   18,   58,   73, 
			 -19,   10,   39,   60, 
			 -53,  -20,   17,   38, 
			-121,  -71,  -32,  -67, 
		},
		{
			 -11,    3,  -12,    4, 
			 -31,   55,   50,  106, 
			 -40,  -21,   30,   98, 
			  19,   89,   47,  104, 
			 -19,   56,   46,   86, 
			 -12,  -57,   21,   10, 
			 -61,  -72, -100,  -33, 
			 -97,  -66,  -72, -107, 
		},
		{
			   9,    2,   26,    4, 
			  12,   10,  -12,  -12, 
			   7,   -1,   -2,    4, 
			  10,    2,   14,   -1, 
			  -2,    2,    9,    0, 
			 -12,   -5,  -12,   -6, 
			  -2,  -13,   -5,   -4, 
			 -23,    7,    0,   -3, 
		},
		{
			 -27,  -27,   10,    3, 
			   4,   -3,    2,   -5, 
			  17,   -6,    8,    0, 
			  10,   26,   27,   27, 
			  -2,   12,   32,   34, 
			 -14,    0,   18,   33, 
			 -38,  -27,  -11,   17, 
			 -23,   -8,  -37,   -3, 
		},
		{
			 -90,  -50,    4,  -21, 
			 -29,    6,  -24,   24, 
			 -30,  -15,   45,   32, 
			  -6,   41,   68,   78, 
			  -5,   31,   64,   74, 
			 -19,    7,   24,   53, 
			 -50,   -8,    2,   19, 
			 -57,  -77,  -11,   -5, 
		},
		{
			 -60,  -60,  -60,  -60, 
			 323,  287,  234,  201, 
			 124,  130,   67,   52, 
			 -14,  -26,  -46,  -66, 
			 -54,  -53,  -76,  -83, 
			 -71,  -59,  -76,  -63, 
			 -59,  -53,  -55,  -44, 
			 -60,  -60,  -60,  -60, 
		},
	},
}
Iteration: 13
Error: 0.0622402
{
	{ 0, 41, 18, 16, 6, 0 },
	{ 0, 1993, 932, 734, 668, 180 },
	{ 0, 1882, 1033, 568, 515, 257 },
	{
		{
			  17,  172,   38,  -21, 
			 -48,    9,   51,  101, 
			  -5,  135,  153,   51, 
			-106,  -42,  -64,  -90, 
			-173, -109, -153, -205, 
			 -80,  -59, -123, -168, 
			  29,    8,  -85, -149, 
			  34,   62,  -55,   -1, 
		},
		{
			  -5,   36,  107,  111, 
			 -11,  -70,   32,  -30, 
			  42,   44,   33,   20, 
			 -14,  -52,   -1,  -28, 
			 -15,  -22,  -21,  -28, 
			 -26,   14,  -14,  -16, 
			 -57,  -15,   33,   -3, 
			 -14,  -40,  -33,   12, 
		},
		{
			  70,   96,   32,  146, 
			  49,   64,  165,  164, 
			 -18,   59,   59,   47, 
			 -63,  -31,   16,   28, 
			 -81,  -47,  -47,  -16, 
			-101,  -51,  -46,  -41, 
			-130,  -44,  -46,  -34, 
			 -60,  -62,  -24,    6, 
		},
		{
			 -49,   -6, -162,  -86, 
			 -88,   30,   22,    9, 
			 -25,   69,   83,   70, 
			 -11,   -3,   50,   81, 
			 -19,    9,   13,   48, 
			  -2,   21,   29,   17, 
			   1,   36,   23,   -5, 
			 -78,  -31,  -34,  -45, 
		},
		{
			-316, -147, -144,    5, 
			-111,  -35,  148,   50, 
			  -2,  155,  121,  164, 
			  34,   40,   83,   86, 
			 -18,   30,   40,   41, 
			 -28,   20,   35,   34, 
			 -42,  -69,    0,    5, 
			-124,  -28,  -71,  -49, 
		},
		{
			 -29,  -29,  -29,  -29, 
			  56,  156,  155,  198, 
			 -58,    0,   67,   80, 
			 -62,    3,   -7,   21, 
			 -78,  -23,  -32,    8, 
			 -64,   -7,  -26,  -26, 
			 -84,    0,  -26,  -61, 
			 -29,  -29,  -29,  -29, 
		},
	},
	{
		{
			 -83,  -61,  -19,  -37, 
			   6,   29,   32,    2, 
			  12,   36,   35,   13, 
			   2,   45,   59,   55, 
			 -12,   18,   58,   73, 
			 -19,   10,   39,   60, 
			 -53,  -20,   17,   38, 
			-121,  -71,  -32,  -67, 
		},
		{
			 -11,    3,  -12,    4, 
			 -31,   55,   50,  106, 
			 -40,  -21,   30,   98, 
			  19,   89,   47,  104, 
			 -19,   56,   46,   86, 
			 -12,  -57,   21,   10, 
			 -61,  -72, -100,  -33, 
			 -97,  -65,  -72, -107, 
		},
		{
			   9,    2,   26,    4, 
			  12,   10,  -12,  -12, 
			   7,   -1,   -2,    4, 
			  10,    2,   14,   -1, 
			  -2,    2,    9,    0, 
			 -12,   -5,  -12,   -6, 
			  -2,  -13,   -5,   -4, 
			 -23,    7,    0,   -3, 
		},
		{
			 -27,  -27,   10,    3, 
			   4,   -3,    2,   -5, 
			  17,   -6,    8,    0, 
			  10,   26,   27,   27, 
			  -2,   12,   32,   34, 
			 -14,    0,   18,   33, 
			 -38,  -27,  -11,   17, 
			 -23,   -8,  -37,   -3, 
		},
		{
			 -90,  -50,    4,  -21, 
			 -29,    6,  -24,   24, 
			 -30,  -15,   45,   32, 
			  -6,   41,   68,   78, 
			  -5,   31,   64,   74, 
			 -19,    7,   24,   53, 
			 -50,   -8,    2,   19, 
			 -57,  -77,  -11,   -5, 
		},
		{
			 -60,  -60,  -60,  -60, 
			 323,  287,  234,  201, 
			 124,  130,   67,   52, 
			 -14,  -26,  -46,  -66, 
			 -54,  -53,  -76,  -83, 
			 -71,  -59,  -76,  -63, 
			 -59,  -53,  -55,  -44, 
			 -60,  -60,  -60,  -60, 
		},
	},
}
Iteration: 14
Error: 0.0622402
{
	{ 0, 41, 18, 16, 6, 0 },
	{ 0, 1993, 932, 734, 668, 180 },
	{ 0, 1882, 1033, 568, 515, 257 },
	{
		{
			  16,  172,   38,  -21, 
			 -48,    9,   51,  101, 
			  -5,  135,  153,   51, 
			-106,  -42,  -64,  -90, 
			-173, -109, -153, -205, 
			 -80,  -59, -123, -168, 
			  29,    8,  -85, -149, 
			  34,   62,  -55,   -1, 
		},
		{
			  -5,   36,  107,  111, 
			 -11,  -70,   32,  -30, 
			  42,   44,   33,   20, 
			 -14,  -52,   -1,  -28, 
			 -15,  -22,  -21,  -28, 
			 -26,   14,  -14,  -16, 
			 -57,  -15,   33,   -3, 
			 -14,  -40,  -33,   12, 
		},
		{
			  70,   96,   32,  146, 
			  49,   64,  165,  164, 
			 -18,   59,   59,   47, 
			 -63,  -31,   16,   28, 
			 -81,  -47,  -47,  -16, 
			-101,  -51,  -46,  -41, 
			-130,  -44,  -46,  -34, 
			 -60,  -62,  -24,    6, 
		},
		{
			 -49,   -6, -162,  -86, 
			 -88,   30,   22,    9, 
			 -25,   69,   83,   70, 
			 -11,   -3,   50,   81, 
			 -19,    9,   13,   48, 
			  -2,   21,   29,   17, 
			   1,   36,   23,   -5, 
			 -78,  -31,  -34,  -45, 
		},
		{
			-316, -147, -144,    5, 
			-111,  -35,  148,   50, 
			  -2,  155,  121,  164, 
			  34,   40,   83,   86, 
			 -18,   30,   40,   41, 
			 -28,   20,   35,   34, 
			 -42,  -69,    0,    5, 
			-124,  -28,  -71,  -49, 
		},
		{
			 -29,  -29,  -29,  -29, 
			  56,  156,  155,  198, 
			 -58,    0,   67,   80, 
			 -62,    3,   -7,   21, 
			 -78,  -23,  -32,    8, 
			 -64,   -7,  -26,  -26, 
			 -84,    0,  -26,  -61, 
			 -29,  -29,  -29,  -29, 
		},
	},
	{
		{
			 -83,  -61,  -19,  -37, 
			   6,   29,   32,    2, 
			  12,   36,   35,   13, 
			   2,   45,   59,   55, 
			 -12,   18,   58,   73, 
			 -19,   10,   39,   60, 
			 -53,  -20,   17,   38, 
			-121,  -71,  -32,  -67, 
		},
		{
			 -11,    3,  -12,    4, 
			 -31,   55,   50,  106, 
			 -40,  -21,   30,   98, 
			  19,   89,   47,  104, 
			 -19,   56,   46,   86, 
			 -12,  -57,   21,   10, 
			 -61,  -72, -100,  -33, 
			 -97,  -65,  -72, -107, 
		},
		{
			   9,    2,   26,    4, 
			  12,   10,  -12,  -12, 
			   7,   -1,   -2,    4, 
			  10,    2,   14,   -1, 
			  -2,    2,    9,    0, 
			 -12,   -5,  -12,   -6, 
			  -2,  -13,   -5,   -4, 
			 -23,    7,    0,   -3, 
		},
		{
			 -27,  -27,   10,    3, 
			   4,   -3,    2,   -5, 
			  17,   -6,    8,    0, 
			  10,   26,   27,   27, 
			  -2,   12,   32,   34, 
			 -14,    0,   18,   33, 
			 -38,  -27,  -11,   17, 
			 -23,   -8,  -37,   -3, 
		},
		{
			 -90,  -50,    4,  -21, 
			 -29,    6,  -24,   24, 
			 -30,  -15,   45,   32, 
			  -6,   41,   68,   78, 
			  -5,   31,   64,   74, 
			 -19,    7,   24,   53, 
			 -50,   -8,    2,   19, 
			 -57,  -77,  -11,   -5, 
		},
		{
			 -60,  -60,  -60,  -60, 
			 323,  287,  234,  201, 
			 124,  130,   67,   52, 
			 -14,  -26,  -46,  -66, 
			 -54,  -53,  -76,  -83, 
			 -71,  -59,  -76,  -63, 
			 -59,  -53,  -55,  -44, 
			 -60,  -60,  -60,  -60, 
		},
	},
}
Iteration: 15
Error: 0.0622402
{
	{ 0, 41, 18, 16, 6, 0 },
	{ 0, 1993, 932, 734, 668, 180 },
	{ 0, 1882, 1033, 568, 515, 257 },
	{
		{
			  16,  172,   38,  -21, 
			 -48,    9,   51,  101, 
			  -5,  135,  153,   51, 
			-106,  -42,  -64,  -90, 
			-173, -109, -153, -205, 
			 -80,  -59, -123, -168, 
			  29,    8,  -85, -149, 
			  34,   62,  -55,   -1, 
		},
		{
			  -5,   36,  107,  111, 
			 -11,  -70,   32,  -30, 
			  42,   44,   33,   20, 
			 -14,  -52,   -1,  -28, 
			 -15,  -22,  -21,  -28, 
			 -26,   14,  -14,  -16, 
			 -57,  -15,   33,   -3, 
			 -14,  -40,  -33,   12, 
		},
		{
			  70,   96,   32,  146, 
			  49,   64,  165,  164, 
			 -18,   59,   59,   47, 
			 -63,  -31,   16,   28, 
			 -81,  -47,  -47,  -16, 
			-101,  -51,  -46,  -41, 
			-130,  -44,  -46,  -34, 
			 -60,  -62,  -24,    6, 
		},
		{
			 -49,   -6, -162,  -86, 
			 -88,   30,   22,    9, 
			 -25,   69,   83,   70, 
			 -11,   -3,   50,   81, 
			 -19,    9,   13,   48, 
			  -2,   21,   29,   17, 
			   1,   36,   23,   -5, 
			 -78,  -31,  -34,  -45, 
		},
		{
			-316, -147, -144,    5, 
			-111,  -35,  148,   50, 
			  -2,  155,  121,  164, 
			  34,   40,   83,   86, 
			 -18,   30,   40,   41, 
			 -28,   20,   35,   34, 
			 -42,  -69,    0,    5, 
			-124,  -28,  -71,  -49, 
		},
		{
			 -29,  -29,  -29,  -29, 
			  56,  156,  155,  198, 
			 -58,    0,   67,   80, 
			 -62,    3,   -7,   21, 
			 -78,  -23,  -32,    8, 
			 -64,   -7,  -26,  -26, 
			 -84,    0,  -26,  -61, 
			 -29,  -29,  -29,  -29, 
		},
	},
	{
		{
			 -83,  -61,  -19,  -37, 
			   6,   29,   32,    2, 
			  12,   36,   35,   13, 
			   2,   45,   59,   55, 
			 -12,   18,   58,   73, 
			 -19,   10,   39,   60, 
			 -53,  -20,   17,   38, 
			-121,  -71,  -32,  -67, 
		},
		{
			 -11,    3,  -12,    4, 
			 -31,   55,   50,  106, 
			 -40,  -21,   30,   98, 
			  19,   89,   47,  104, 
			 -19,   56,   46,   86, 
			 -12,  -57,   21,   10, 
			 -61,  -72, -100,  -33, 
			 -97,  -65,  -72, -107, 
		},
		{
			   9,    2,   26,    4, 
			  12,   10,  -12,  -12, 
			   7,   -1,   -2,    4, 
			  10,    2,   14,   -1, 
			  -2,    2,    9,    0, 
			 -12,   -5,  -12,   -6, 
			  -2,  -13,   -5,   -4, 
			 -23,    7,    0,   -3, 
		},
		{
			 -27,  -27,   10,    3, 
			   4,   -3,    2,   -5, 
			  17,   -6,    8,    0, 
			  10,   26,   27,   27, 
			  -2,   12,   32,   34, 
			 -14,    0,   18,   33, 
			 -38,  -27,  -11,   17, 
			 -23,   -8,  -37,   -3, 
		},
		{
			 -90,  -50,    4,  -21, 
			 -29,    6,  -24,   24, 
			 -30,  -15,   45,   32, 
			  -6,   41,   68,   78, 
			  -5,   31,   64,   74, 
			 -19,    7,   24,   53, 
			 -50,   -8,    2,   19, 
			 -57,  -77,  -11,   -5, 
		},
		{
			 -60,  -60,  -60,  -60, 
			 323,  287,  234,  201, 
			 124,  130,   67,   52, 
			 -14,  -26,  -46,  -66, 
			 -54,  -53,  -76,  -83, 
			 -71,  -59,  -76,  -63, 
			 -59,  -53,  -55,  -44, 
			 -60,  -60,  -60,  -60, 
		},
	},
}
