Iteration: 17
Error: 0.0622642
{
	{ 0, 41, 18, 16, 5, 0 },
	{ 0, 2006, 904, 710, 645, 176 },
	{ 0, 1832, 1031, 567, 515, 256 },
	{
		{
			  -2,  145,   39,  -13, 
			 -47,   18,   49,  101, 
			  -5,  133,  151,   50, 
			 -95,  -27,  -47,  -88, 
			-165,  -99, -142, -206, 
			 -78,  -54, -119, -163, 
			  32,    9,  -79, -149, 
			  35,   62,  -55,   -1, 
		},
		{
			  -9,   40,  114,  106, 
			 -14,  -67,   42,  -24, 
			  40,   46,   34,   24, 
			 -13,  -50,    0,  -27, 
			 -15,  -22,  -21,  -27, 
			 -26,   15,  -14,  -16, 
			 -57,  -13,   33,   -4, 
			 -17,  -42,  -34,   12, 
		},
		{
			  69,   87,   33,  136, 
			  49,   63,  155,  154, 
			 -20,   58,   55,   45, 
			 -58,  -30,   12,   29, 
			 -77,  -42,  -46,  -15, 
			 -99,  -51,  -46,  -42, 
			-126,  -45,  -46,  -38, 
			 -60,  -62,  -24,    6, 
		},
		{
			 -49,   -7, -147,  -85, 
			 -86,   30,   27,   14, 
			 -26,   71,   88,   70, 
			 -12,   -3,   54,   81, 
			 -19,    8,   13,   43, 
			  -2,   21,   29,   17, 
			  -1,   36,   22,   -6, 
			 -79,  -33,  -34,  -46, 
		},
		{
			-312, -136, -134,   28, 
			-110,  -28,  149,   59, 
			  -2,  157,  126,  167, 
			  29,   39,   84,   86, 
			 -18,   32,   40,   41, 
			 -28,   20,   35,   34, 
			 -42,  -67,    0,    5, 
			-121,  -27,  -72,  -51, 
		},
		{
			 -29,  -29,  -29,  -29, 
			  55,  151,  166,  202, 
			 -50,    0,   67,   79, 
			 -62,    3,   -7,   21, 
			 -74,  -23,  -32,    8, 
			 -61,   -7,  -26,  -26, 
			 -81,    0,  -26,  -60, 
			 -29,  -29,  -29,  -29, 
		},
	},
	{
		{
			 -79,  -56,  -18,  -39, 
			   6,   26,   33,    4, 
			  11,   38,   36,   14, 
			  -1,   44,   56,   55, 
			 -15,   16,   55,   73, 
			 -19,    8,   39,   58, 
			 -52,  -19,   17,   38, 
			-121,  -71,  -32,  -65, 
		},
		{
			  -8,    4,  -16,    4, 
			 -24,   52,   44,  101, 
			 -39,  -21,   33,   98, 
			  11,   89,   51,  107, 
			 -19,   54,   46,   86, 
			 -11,  -57,   19,   10, 
			 -61,  -72, -100,  -37, 
			 -95,  -66,  -69, -107, 
		},
		{
			  10,    2,   26,    6, 
			  12,   10,  -12,  -11, 
			   7,   -1,   -1,    4, 
			   9,    2,   14,    0, 
			  -1,    1,    9,    0, 
			 -10,   -3,  -12,   -6, 
			  -1,  -13,   -5,   -4, 
			 -23,    7,    0,   -3, 
		},
		{
			 -26,  -28,    9,    3, 
			   1,   -4,    1,   -5, 
			  13,   -8,    4,   -1, 
			   9,   26,   26,   27, 
			  -3,   12,   30,   35, 
			 -14,   -1,   17,   33, 
			 -37,  -27,  -11,   17, 
			 -23,   -6,  -37,   -4, 
		},
		{
			 -94,  -54,    0,  -28, 
			 -30,    3,  -25,   19, 
			 -34,  -16,   40,   33, 
			  -6,   38,   64,   78, 
			  -5,   31,   64,   74, 
			 -19,    7,   24,   53, 
			 -51,   -7,    2,   19, 
			 -56,  -78,  -11,   -5, 
		},
		{
			 -60,  -60,  -60,  -60, 
			 320,  287,  228,  195, 
			 124,  128,   67,   50, 
			 -14,  -26,  -46,  -66, 
			 -54,  -53,  -76,  -83, 
			 -71,  -59,  -76,  -63, 
			 -59,  -53,  -55,  -44, 
			 -60,  -60,  -60,  -60, 
		},
	},
}
Iteration: 18
Error: 0.0622595
{
	{ 0, 41, 18, 16, 5, 0 },
	{ 0, 2001, 908, 715, 650, 176 },
	{ 0, 1843, 1031, 567, 515, 257 },
	{
		{
			   8,  145,   50,  -24, 
			 -47,   18,   49,  101, 
			  -4,  133,  146,   45, 
			 -95,  -27,  -53,  -88, 
			-165,  -99, -142, -206, 
			 -79,  -53, -118, -163, 
			  32,    8,  -85, -149, 
			  34,   62,  -55,   -1, 
		},
		{
			  -4,   36,  114,  106, 
			 -13,  -68,   37,  -30, 
			  38,   45,   35,   25, 
			 -13,  -52,    0,  -27, 
			 -15,  -21,  -21,  -27, 
			 -25,   14,  -14,  -16, 
			 -56,  -13,   33,   -4, 
			 -18,  -42,  -36,   12, 
		},
		{
			  70,   87,   32,  146, 
			  49,   63,  165,  159, 
			 -20,   63,   61,   44, 
			 -58,  -30,   12,   29, 
			 -77,  -42,  -46,  -16, 
			 -99,  -51,  -46,  -42, 
			-126,  -45,  -46,  -38, 
			 -60,  -62,  -24,    6, 
		},
		{
			 -38,  -12, -147,  -83, 
			 -88,   30,   27,   13, 
			 -26,   71,   88,   70, 
			 -12,   -3,   52,   82, 
			 -18,    8,   13,   43, 
			  -2,   21,   29,   17, 
			   3,   36,   22,   -6, 
			 -79,  -33,  -34,  -46, 
		},
		{
			-307, -141, -134,   28, 
			-110,  -26,  149,   55, 
			  -2,  157,  121,  167, 
			  29,   40,   84,   86, 
			 -18,   32,   40,   41, 
			 -28,   20,   35,   34, 
			 -42,  -68,    0,    5, 
			-121,  -27,  -72,  -51, 
		},
		{
			 -29,  -29,  -29,  -29, 
			  55,  151,  165,  202, 
			 -50,    0,   67,   79, 
			 -62,    3,   -7,   21, 
			 -74,  -23,  -32,    8, 
			 -61,   -7,  -26,  -26, 
			 -81,    0,  -26,  -60, 
			 -29,  -29,  -29,  -29, 
		},
	},
	{
		{
			 -80,  -57,  -18,  -38, 
			   6,   26,   34,    3, 
			  11,   38,   36,   14, 
			  -1,   44,   57,   55, 
			 -14,   16,   55,   73, 
			 -19,    8,   39,   58, 
			 -52,  -19,   17,   38, 
			-121,  -71,  -32,  -65, 
		},
		{
			 -13,    4,  -16,    5, 
			 -24,   52,   44,  105, 
			 -39,  -21,   33,   98, 
			  16,   89,   46,  107, 
			 -19,   54,   46,   86, 
			 -11,  -57,   21,   10, 
			 -61,  -72, -100,  -37, 
			 -95,  -66,  -69, -107, 
		},
		{
			  10,    2,   26,    3, 
			  12,   10,  -12,  -12, 
			   7,   -1,   -1,    4, 
			   9,    2,   14,    0, 
			  -2,    1,    9,    0, 
			 -10,   -3,  -12,   -6, 
			  -1,  -13,   -5,   -4, 
			 -23,    7,    0,   -3, 
		},
		{
			 -26,  -28,    9,    3, 
			   1,   -4,    1,   -5, 
			  13,   -8,    4,   -1, 
			   9,   26,   26,   27, 
			  -3,   12,   30,   35, 
			 -14,   -1,   17,   33, 
			 -37,  -27,  -11,   17, 
			 -23,   -6,  -37,   -4, 
		},
		{
			 -94,  -54,    0,  -28, 
			 -30,    3,  -25,   19, 
			 -34,  -15,   40,   33, 
			  -6,   41,   64,   78, 
			  -5,   31,   64,   74, 
			 -19,    7,   24,   53, 
			 -51,   -7,    2,   19, 
			 -56,  -78,  -11,   -5, 
		},
		{
			 -60,  -60,  -60,  -60, 
			 320,  287,  228,  195, 
			 124,  128,   67,   50, 
			 -14,  -26,  -46,  -66, 
			 -54,  -53,  -76,  -83, 
			 -71,  -59,  -76,  -63, 
			 -59,  -53,  -55,  -44, 
			 -60,  -60,  -60,  -60, 
		},
	},
}
Iteration: 19
Error: 0.062256
{
	{ 0, 41, 18, 16, 5, 0 },
	{ 0, 2001, 913, 720, 655, 176 },
	{ 0, 1852, 1031, 567, 515, 257 },
	{
		{
			   8,  152,   50,  -27, 
			 -47,   10,   49,  101, 
			  -4,  132,  142,   44, 
			 -95,  -27,  -53,  -88, 
			-171, -104, -142, -206, 
			 -79,  -53, -118, -163, 
			  32,    8,  -85, -149, 
			  34,   62,  -55,   -1, 
		},
		{
			  -4,   36,  108,  106, 
			 -11,  -70,   37,  -30, 
			  38,   45,   35,   25, 
			 -13,  -52,    0,  -27, 
			 -15,  -22,  -21,  -27, 
			 -26,   14,  -14,  -16, 
			 -56,  -13,   33,   -4, 
			 -13,  -42,  -36,   12, 
		},
		{
			  70,   87,   32,  146, 
			  49,   63,  165,  159, 
			 -20,   63,   61,   44, 
			 -58,  -30,   12,   29, 
			 -77,  -42,  -46,  -16, 
			 -99,  -51,  -46,  -42, 
			-126,  -45,  -46,  -33, 
			 -60,  -62,  -24,    6, 
		},
		{
			 -38,  -12, -147,  -83, 
			 -88,   30,   27,   12, 
			 -26,   71,   88,   70, 
			 -12,   -3,   52,   82, 
			 -18,    8,   13,   43, 
			  -2,   21,   29,   17, 
			   2,   36,   22,   -6, 
			 -79,  -34,  -34,  -46, 
		},
		{
			-307, -146, -139,   17, 
			-109,  -27,  149,   55, 
			  -2,  157,  121,  167, 
			  29,   40,   84,   86, 
			 -18,   32,   40,   41, 
			 -28,   20,   35,   34, 
			 -42,  -68,    0,    5, 
			-121,  -27,  -72,  -51, 
		},
		{
			 -29,  -29,  -29,  -29, 
			  55,  156,  155,  202, 
			 -60,    0,   67,   79, 
			 -62,    3,   -7,   21, 
			 -74,  -23,  -32,    8, 
			 -61,   -7,  -26,  -26, 
			 -81,    0,  -26,  -60, 
			 -29,  -29,  -29,  -29, 
		},
	},
	{
		{
			 -81,  -57,  -18,  -38, 
			   6,   26,   34,    3, 
			  11,   38,   36,   14, 
			  -1,   44,   57,   55, 
			 -12,   17,   55,   73, 
			 -19,    8,   39,   58, 
			 -52,  -19,   17,   38, 
			-121,  -71,  -32,  -65, 
		},
		{
			 -13,    4,  -12,    5, 
			 -29,   52,   50,  105, 
			 -39,  -21,   33,   98, 
			  16,   89,   46,  102, 
			 -19,   54,   46,   86, 
			 -11,  -57,   21,   10, 
			 -61,  -72, -100,  -37, 
			 -99,  -66,  -69, -107, 
		},
		{
			  10,    2,   26,    3, 
			  12,   10,  -12,  -12, 
			   7,   -1,   -1,    4, 
			   9,    2,   14,    0, 
			  -2,    1,    9,    0, 
			 -10,   -3,  -12,   -6, 
			  -1,  -13,   -5,   -4, 
			 -23,    7,    0,   -3, 
		},
		{
			 -26,  -28,    9,    3, 
			   1,   -4,    1,   -5, 
			  13,   -8,    4,   -1, 
			   9,   26,   26,   27, 
			  -3,   12,   30,   35, 
			 -14,   -1,   17,   33, 
			 -37,  -27,  -11,   17, 
			 -23,   -6,  -37,   -4, 
		},
		{
			 -94,  -54,    0,  -28, 
			 -30,    3,  -25,   19, 
			 -34,  -15,   40,   33, 
			  -6,   41,   66,   78, 
			  -5,   31,   64,   74, 
			 -19,    7,   24,   53, 
			 -51,   -7,    2,   19, 
			 -56,  -78,  -11,   -5, 
		},
		{
			 -60,  -60,  -60,  -60, 
			 320,  287,  228,  195, 
			 124,  128,   67,   50, 
			 -14,  -26,  -46,  -66, 
			 -54,  -53,  -76,  -83, 
			 -71,  -59,  -76,  -63, 
			 -59,  -53,  -55,  -44, 
			 -60,  -60,  -60,  -60, 
		},
	},
}
Iteration: 20
Error: 0.0622494
{
	{ 0, 41, 18, 16, 5, 0 },
	{ 0, 1991, 918, 725, 660, 180 },
	{ 0, 1863, 1031, 567, 515, 257 },
	{
		{
			   7,  157,   40,  -33, 
			 -52,   12,   53,   92, 
			  -3,  131,  147,   54, 
			 -95,  -28,  -53,  -89, 
			-172, -103, -142, -206, 
			 -79,  -54, -118, -163, 
			  32,    8,  -85, -149, 
			  34,   62,  -55,   -1, 
		},
		{
			  -4,   31,  108,  106, 
			 -11,  -70,   32,  -30, 
			  38,   44,   35,   25, 
			 -13,  -52,    0,  -27, 
			 -15,  -22,  -21,  -28, 
			 -26,   14,  -14,  -16, 
			 -56,  -14,   33,   -4, 
			 -13,  -42,  -36,   12, 
		},
		{
			  70,   87,   32,  146, 
			  49,   64,  165,  159, 
			 -19,   58,   61,   47, 
			 -58,  -30,   12,   29, 
			 -77,  -42,  -46,  -16, 
			 -99,  -51,  -46,  -42, 
			-126,  -45,  -46,  -33, 
			 -60,  -62,  -24,    6, 
		},
		{
			 -46,   -5, -157,  -87, 
			 -88,   29,   27,    8, 
			 -27,   75,   88,   70, 
			 -10,   -3,   52,   81, 
			 -19,    9,   13,   43, 
			  -2,   21,   29,   17, 
			   3,   36,   22,   -5, 
			 -78,  -34,  -34,  -46, 
		},
		{
			-307, -142, -139,   17, 
			-110,  -28,  149,   61, 
			  -2,  158,  121,  167, 
			  29,   40,   83,   86, 
			 -18,   28,   40,   41, 
			 -28,   20,   35,   34, 
			 -42,  -68,   -1,    5, 
			-126,  -28,  -71,  -50, 
		},
		{
			 -29,  -29,  -29,  -29, 
			  55,  155,  155,  200, 
			 -59,    0,   67,   79, 
			 -62,    3,   -7,   21, 
			 -78,  -23,  -32,    8, 
			 -64,   -7,  -26,  -26, 
			 -84,    0,  -26,  -61, 
			 -29,  -29,  -29,  -29, 
		},
	},
	{
		{
			 -81,  -56,  -18,  -38, 
			   6,   26,   34,    3, 
			  12,   37,   36,   13, 
			  -1,   44,   57,   55, 
			 -12,   18,   56,   73, 
			 -19,   10,   39,   60, 
			 -53,  -20,   17,   38, 
			-116,  -71,  -32,  -67, 
		},
		{
			 -13,    9,  -17,    5, 
			 -34,   52,   50,  110, 
			 -44,  -20,   26,   98, 
			  11,   89,   47,  106, 
			 -19,   59,   46,   86, 
			 -11,  -57,   21,   10, 
			 -61,  -72, -100,  -33, 
			 -99,  -66,  -69, -107, 
		},
		{
			   9,    2,   26,    3, 
			  12,   10,  -12,  -12, 
			   7,   -1,   -2,    4, 
			  10,    2,   14,   -1, 
			  -2,    2,    9,    0, 
			 -11,   -5,  -12,   -6, 
			  -2,  -13,   -5,   -4, 
			 -23,    7,    0,   -3, 
		},
		{
			 -25,  -29,   10,    3, 
			   1,   -4,    1,   -5, 
			  18,   -7,    4,    0, 
			  10,   26,   26,   27, 
			  -4,   12,   30,   35, 
			 -14,   -1,   17,   33, 
			 -38,  -27,  -11,   17, 
			 -23,   -7,  -37,   -4, 
		},
		{
			 -94,  -54,    4,  -26, 
			 -29,    3,  -24,   19, 
			 -35,  -15,   40,   33, 
			  -6,   41,   66,   78, 
			  -5,   31,   64,   74, 
			 -20,    7,   24,   53, 
			 -52,   -7,    2,   19, 
			 -56,  -78,  -11,   -5, 
		},
		{
			 -60,  -60,  -60,  -60, 
			 320,  286,  228,  201, 
			 124,  130,   67,   50, 
			 -14,  -26,  -46,  -66, 
			 -54,  -53,  -76,  -83, 
			 -71,  -59,  -76,  -63, 
			 -59,  -53,  -55,  -44, 
			 -60,  -60,  -60,  -60, 
		},
	},
}
Iteration: 21
Error: 0.0622439
{
	{ 0, 41, 18, 16, 6, 0 },
	{ 0, 1988, 926, 730, 664, 180 },
	{ 0, 1873, 1031, 568, 515, 257 },
	{
		{
			   6,  157,   44,  -23, 
			 -47,    5,   54,   97, 
			   0,  135,  154,   59, 
			-100,  -38,  -58,  -90, 
			-172, -103, -146, -205, 
			 -79,  -59, -123, -163, 
			  29,    8,  -85, -149, 
			  34,   62,  -55,   -1, 
		},
		{
			  -5,   36,  113,  106, 
			 -11,  -70,   32,  -30, 
			  42,   44,   34,   20, 
			 -13,  -52,   -1,  -27, 
			 -15,  -22,  -21,  -28, 
			 -26,   14,  -14,  -16, 
			 -57,  -15,   33,   -3, 
			 -13,  -41,  -37,   12, 
		},
		{
			  70,   87,   32,  146, 
			  49,   64,  165,  159, 
			 -18,   59,   61,   47, 
			 -58,  -31,   16,   28, 
			 -81,  -47,  -46,  -16, 
			 -99,  -51,  -47,  -42, 
			-130,  -44,  -46,  -34, 
			 -60,  -62,  -24,    6, 
		},
		{
			 -45,   -4, -164,  -92, 
			 -88,   29,   24,    8, 
			 -28,   69,   88,   70, 
			 -10,   -3,   50,   81, 
			 -19,    9,   13,   43, 
			  -2,   21,   29,   17, 
			   3,   36,   23,   -5, 
			 -78,  -35,  -34,  -46, 
		},
		{
			-312, -147, -139,   10, 
			-110,  -34,  149,   55, 
			  -2,  155,  121,  166, 
			  34,   40,   83,   86, 
			 -18,   28,   40,   41, 
			 -28,   20,   35,   34, 
			 -42,  -68,   -1,    5, 
			-121,  -28,  -71,  -49, 
		},
		{
			 -29,  -29,  -29,  -29, 
			  56,  155,  156,  198, 
			 -59,    0,   67,   79, 
			 -62,    3,   -7,   21, 
			 -78,  -23,  -32,    8, 
			 -64,   -7,  -26,  -26, 
			 -84,    0,  -26,  -61, 
			 -29,  -29,  -29,  -29, 
		},
	},
	{
		{
			 -81,  -61,  -19,  -39, 
			   7,   31,   33,    2, 
			  12,   37,   37,   13, 
			   0,   44,   57,   55, 
			 -12,   18,   56,   73, 
			 -19,   10,   39,   60, 
			 -53,  -20,   17,   38, 
			-121,  -71,  -32,  -67, 
		},
		{
			 -13,    3,  -17,    5, 
			 -30,   56,   50,  102, 
			 -45,  -20,   30,   98, 
			  11,   89,   47,  106, 
			 -19,   54,   46,   86, 
			 -11,  -57,   21,   10, 
			 -61,  -72, -100,  -33, 
			 -99,  -66,  -67, -107, 
		},
		{
			   9,    2,   26,    4, 
			  12,   10,  -12,  -12, 
			   7,   -1,   -2,    4, 
			  10,    2,   14,   -1, 
			  -2,    2,    9,    0, 
			 -11,   -5,  -12,   -6, 
			  -2,  -13,   -5,   -4, 
			 -23,    7,    0,   -3, 
		},
		{
			 -25,  -29,   10,    3, 
			   1,   -5,    2,   -4, 
			  18,   -7,    4,    0, 
			  10,   26,   26,   27, 
			  -4,   12,   30,   35, 
			 -14,   -1,   18,   33, 
			 -38,  -27,  -11,   17, 
			 -23,   -7,  -37,   -4, 
		},
		{
			 -94,  -50,    4,  -25, 
			 -29,    3,  -24,   24, 
			 -30,  -15,   40,   33, 
			  -6,   41,   66,   78, 
			  -5,   31,   64,   74, 
			 -20,    7,   24,   53, 
			 -52,   -7,    2,   19, 
			 -56,  -78,  -11,   -5, 
		},
		{
			 -60,  -60,  -60,  -60, 
			 321,  284,  229,  201, 
			 124,  130,   67,   51, 
			 -14,  -26,  -46,  -66, 
			 -54,  -53,  -76,  -83, 
			 -71,  -59,  -76,  -63, 
			 -59,  -53,  -55,  -44, 
			 -60,  -60,  -60,  -60, 
		},
	},
}
Iteration: 22
Error: 0.0622429
{
	{ 0, 41, 18, 16, 6, 0 },
	{ 0, 1988, 932, 730, 664, 180 },
	{ 0, 1877, 1031, 568, 515, 257 },
	{
		{
			  12,  167,   44,  -21, 
			 -47,    5,   54,   96, 
			   0,  135,  154,   59, 
			-100,  -38,  -59,  -90, 
			-172, -103, -147, -205, 
			 -79,  -59, -123, -168, 
			  29,    8,  -85, -149, 
			  34,   62,  -55,   -1, 
		},
		{
			  -5,   37,  113,  106, 
			 -11,  -70,   32,  -30, 
			  42,   45,   34,   20, 
			 -13,  -52,   -1,  -27, 
			 -15,  -22,  -21,  -28, 
			 -26,   14,  -14,  -16, 
			 -57,  -15,   33,   -3, 
			 -13,  -41,  -32,   12, 
		},
		{
			  70,   87,   32,  146, 
			  49,   64,  165,  159, 
			 -18,   59,   61,   47, 
			 -58,  -31,   16,   28, 
			 -81,  -47,  -46,  -16, 
			 -99,  -52,  -47,  -42, 
			-130,  -44,  -46,  -34, 
			 -60,  -62,  -24,    6, 
		},
		{
			 -49,   -6, -164,  -82, 
			 -88,   29,   24,    8, 
			 -24,   69,   88,   70, 
			 -11,   -3,   50,   81, 
			 -19,    9,   13,   48, 
			  -2,   21,   29,   17, 
			   3,   36,   23,   -5, 
			 -78,  -30,  -34,  -46, 
		},
		{
			-312, -147, -139,   15, 
			-110,  -34,  149,   49, 
			  -2,  155,  121,  166, 
			  34,   40,   83,   86, 
			 -18,   28,   40,   41, 
			 -28,   20,   35,   34, 
			 -42,  -68,   -1,    5, 
			-121,  -28,  -71,  -49, 
		},
		{
			 -29,  -29,  -29,  -29, 
			  56,  155,  156,  198, 
			 -59,    0,   67,   80, 
			 -62,    3,   -7,   21, 
			 -78,  -23,  -32,    8, 
			 -64,   -7,  -26,  -26, 
			 -84,    0,  -26,  -61, 
			 -29,  -29,  -29,  -29, 
		},
	},
	{
		{
			 -82,  -62,  -20,  -39, 
			   7,   31,   33,    2, 
			  12,   37,   37,   13, 
			   0,   44,   57,   55, 
			 -12,   18,   56,   73, 
			 -19,   10,   39,   60, 
			 -53,  -20,   17,   38, 
			-121,  -71,  -32,  -67, 
		},
		{
			 -11,    3,  -17,    4, 
			 -31,   55,   50,  101, 
			 -45,  -20,   30,   98, 
			  14,   89,   47,  105, 
			 -19,   56,   46,   86, 
			 -11,  -57,   21,   10, 
			 -61,  -72, -100,  -33, 
			 -99,  -68,  -71, -107, 
		},
		{
			   9,    2,   26,    4, 
			  12,   10,  -12,  -12, 
			   7,   -1,   -2,    4, 
			  10,    2,   14,   -1, 
			  -2,    2,    9,    0, 
			 -11,   -5,  -12,   -6, 
			  -2,  -13,   -5,   -4, 
			 -23,    7,    0,   -3, 
		},
		{
			 -25,  -30,   10,    3, 
			   1,   -5,    2,   -4, 
			  18,   -7,    4,    0, 
			  10,   26,   26,   27, 
			  -4,   12,   30,   34, 
			 -14,   -1,   18,   33, 
			 -38,  -27,  -11,   17, 
			 -23,   -7,  -37,   -4, 
		},
		{
			 -92,  -49,    4,  -26, 
			 -29,    3,  -24,   24, 
			 -30,  -15,   40,   33, 
			  -6,   41,   66,   78, 
			  -5,   31,   64,   74, 
			 -20,    7,   24,   53, 
			 -52,   -7,    2,   19, 
			 -56,  -77,  -11,   -5, 
		},
		{
			 -60,  -60,  -60,  -60, 
			 321,  285,  229,  201, 
			 124,  130,   67,   51, 
			 -14,  -26,  -46,  -66, 
			 -54,  -53,  -76,  -83, 
			 -71,  -59,  -76,  -63, 
			 -59,  -53,  -55,  -44, 
			 -60,  -60,  -60,  -60, 
		},
	},
}
Iteration: 23
Error: 0.0622428
{
	{ 0, 41, 18, 16, 6, 0 },
	{ 0, 1988, 932, 730, 664, 180 },
	{ 0, 1877, 1031, 568, 515, 257 },
	{
		{
			  12,  167,   44,  -21, 
			 -47,    5,   54,  101, 
			   0,  135,  154,   59, 
			-100,  -38,  -59,  -90, 
			-172, -103, -147, -205, 
			 -79,  -59, -123, -168, 
			  29,    8,  -85, -149, 
			  34,   62,  -55,   -1, 
		},
		{
			  -4,   37,  118,  106, 
			 -11,  -70,   32,  -30, 
			  43,   45,   34,   20, 
			 -13,  -52,   -1,  -27, 
			 -15,  -22,  -21,  -28, 
			 -26,   14,  -14,  -16, 
			 -57,  -15,   33,   -3, 
			 -14,  -41,  -32,   12, 
		},
		{
			  70,   92,   32,  146, 
			  49,   64,  165,  159, 
			 -18,   59,   61,   47, 
			 -58,  -31,   16,   28, 
			 -81,  -47,  -46,  -16, 
			 -99,  -52,  -47,  -42, 
			-130,  -44,  -46,  -34, 
			 -60,  -62,  -24,    6, 
		},
		{
			 -49,   -6, -163,  -82, 
			 -88,   29,   24,    8, 
			 -24,   69,   88,   70, 
			 -11,   -3,   50,   81, 
			 -19,    9,   13,   48, 
			  -2,   21,   29,   17, 
			   3,   36,   23,   -5, 
			 -78,  -30,  -34,  -46, 
		},
		{
			-317, -147, -139,   15, 
			-110,  -34,  149,   49, 
			  -2,  155,  121,  166, 
			  33,   40,   83,   86, 
			 -18,   28,   40,   41, 
			 -28,   20,   35,   34, 
			 -42,  -68,    0,    5, 
			-125,  -28,  -71,  -49, 
		},
		{
			 -29,  -29,  -29,  -29, 
			  56,  155,  156,  198, 
			 -59,    0,   67,   80, 
			 -62,    3,   -7,   21, 
			 -78,  -23,  -32,    8, 
			 -64,   -7,  -26,  -26, 
			 -84,    0,  -26,  -61, 
			 -29,  -29,  -29,  -29, 
		},
	},
	{
		{
			 -83,  -62,  -18,  -39, 
			   7,   31,   32,    2, 
			  12,   37,   37,   13, 
			   0,   44,   57,   55, 
			 -12,   18,   56,   73, 
			 -19,   10,   39,   60, 
			 -53,  -20,   17,   38, 
			-121,  -71,  -32,  -67, 
		},
		{
			 -11,    3,  -17,    4, 
			 -31,   50,   50,  101, 
			 -45,  -20,   30,   98, 
			  14,   89,   47,  105, 
			 -19,   56,   46,   86, 
			 -11,  -57,   21,   10, 
			 -61,  -72, -100,  -33, 
			 -99,  -68,  -71, -107, 
		},
		{
			   9,    2,   26,    4, 
			  12,   10,  -12,  -12, 
			   7,   -1,   -2,    4, 
			  10,    2,   14,   -1, 
			  -2,    2,    9,    0, 
			 -11,   -5,  -12,   -6, 
			  -2,  -13,   -5,   -4, 
			 -23,    7,    0,   -3, 
		},
		{
			 -25,  -30,   11,    3, 
			   1,   -5,    2,   -4, 
			  18,   -7,    4,    0, 
			  10,   26,   26,   27, 
			  -3,   12,   30,   34, 
			 -14,    0,   18,   33, 
			 -38,  -27,  -11,   17, 
			 -23,   -7,  -37,   -4, 
		},
		{
			 -92,  -50,    4,  -26, 
			 -29,    3,  -24,   24, 
			 -30,  -15,   40,   33, 
			  -6,   41,   66,   78, 
			  -5,   31,   64,   74, 
			 -20,    7,   24,   53, 
			 -52,   -7,    2,   19, 
			 -56,  -77,  -11,   -5, 
		},
		{
			 -60,  -60,  -60,  -60, 
			 321,  285,  229,  201, 
			 124,  130,   67,   51, 
			 -14,  -26,  -46,  -66, 
			 -54,  -53,  -76,  -83, 
			 -71,  -59,  -76,  -63, 
			 -59,  -53,  -55,  -44, 
			 -60,  -60,  -60,  -60, 
		},
	},
}
Iteration: 24
Error: 0.0622427
{
	{ 0, 41, 18, 16, 6, 0 },
	{ 0, 1988, 932, 730, 664, 180 },
	{ 0, 1877, 1031, 568, 515, 257 },
	{
		{
			  18,  167,   44,  -21, 
			 -47,    5,   53,  101, 
			  -5,  135,  154,   59, 
			-100,  -38,  -59,  -90, 
			-172, -103, -147, -205, 
			 -79,  -59, -123, -168, 
			  29,    8,  -85, -149, 
			  34,   62,  -55,   -1, 
		},
		{
			  -4,   37,  118,  106, 
			 -11,  -70,   32,  -30, 
			  42,   45,   34,   20, 
			 -14,  -52,   -1,  -27, 
			 -15,  -22,  -21,  -28, 
			 -26,   14,  -14,  -16, 
			 -57,  -15,   33,   -3, 
			 -14,  -41,  -32,   12, 
		},
		{
			  70,   92,   32,  146, 
			  49,   64,  165,  164, 
			 -18,   59,   61,   47, 
			 -58,  -31,   16,   28, 
			 -81,  -47,  -46,  -16, 
			 -99,  -52,  -47,  -42, 
			-130,  -44,  -46,  -34, 
			 -60,  -62,  -24,    6, 
		},
		{
			 -49,   -6, -163,  -81, 
			 -88,   29,   24,    8, 
			 -24,   69,   88,   70, 
			 -11,   -3,   50,   81, 
			 -19,    9,   13,   48, 
			  -2,   21,   29,   17, 
			   3,   36,   23,   -5, 
			 -78,  -30,  -34,  -46, 
		},
		{
			-317, -152, -139,   15, 
			-110,  -34,  149,   49, 
			  -2,  155,  121,  165, 
			  33,   40,   83,   86, 
			 -18,   28,   40,   41, 
			 -28,   20,   35,   34, 
			 -42,  -68,    0,    5, 
			-125,  -28,  -71,  -49, 
		},
		{
			 -29,  -29,  -29,  -29, 
			  56,  155,  156,  198, 
			 -59,    0,   67,   80, 
			 -62,    3,   -7,   21, 
			 -78,  -23,  -32,    8, 
			 -64,   -7,  -26,  -26, 
			 -84,    0,  -26,  -61, 
			 -29,  -29,  -29,  -29, 
		},
	},
	{
		{
			 -83,  -62,  -18,  -39, 
			   7,   31,   32,    2, 
			  12,   37,   37,   13, 
			   0,   44,   57,   55, 
			 -12,   18,   56,   73, 
			 -19,   10,   39,   60, 
			 -53,  -20,   17,   38, 
			-121,  -71,  -32,  -67, 
		},
		{
			 -11,    3,  -17,    4, 
			 -31,   50,   50,  101, 
			 -40,  -21,   30,   98, 
			  19,   89,   47,  105, 
			 -19,   56,   46,   86, 
			 -11,  -57,   21,   10, 
			 -61,  -72, -100,  -33, 
			 -99,  -68,  -71, -107, 
		},
		{
			   9,    2,   26,    4, 
			  12,   10,  -12,  -12, 
			   7,   -1,   -2,    4, 
			  10,    2,   14,   -1, 
			  -2,    2,    9,    0, 
			 -11,   -5,  -12,   -6, 
			  -2,  -13,   -5,   -4, 
			 -23,    7,    0,   -3, 
		},
		{
			 -25,  -30,   11,    3, 
			   1,   -5,    2,   -4, 
			  18,   -7,    4,    0, 
			  10,   26,   26,   27, 
			  -3,   12,   30,   34, 
			 -14,    0,   18,   33, 
			 -38,  -27,  -11,   17, 
			 -23,   -7,  -37,   -4, 
		},
		{
			 -92,  -50,    4,  -26, 
			 -29,    3,  -24,   24, 
			 -30,  -15,   40,   33, 
			  -6,   41,   66,   78, 
			  -5,   31,   64,   74, 
			 -20,    7,   24,   53, 
			 -52,   -7,    2,   19, 
			 -56,  -77,  -11,   -5, 
		},
		{
			 -60,  -60,  -60,  -60, 
			 322,  285,  229,  201, 
			 124,  130,   67,   51, 
			 -14,  -26,  -46,  -66, 
			 -54,  -53,  -76,  -83, 
			 -71,  -59,  -76,  -63, 
			 -59,  -53,  -55,  -44, 
			 -60,  -60,  -60,  -60, 
		},
	},
}
Iteration: 25
Error: 0.0622426
{
	{ 0, 41, 18, 16, 6, 0 },
	{ 0, 1988, 932, 730, 664, 180 },
	{ 0, 1877, 1031, 568, 515, 257 },
	{
		{
			  18,  172,   39,  -26, 
			 -47,    5,   52,  101, 
			  -5,  135,  154,   59, 
			-100,  -38,  -59,  -90, 
			-172, -103, -147, -205, 
			 -79,  -59, -123, -168, 
			  29,    8,  -85, -149, 
			  34,   62,  -55,   -1, 
		},
		{
			  -4,   37,  118,  111, 
			 -11,  -70,   32,  -30, 
			  42,   45,   34,   20, 
			 -14,  -52,   -1,  -27, 
			 -15,  -22,  -21,  -28, 
			 -26,   14,  -14,  -16, 
			 -57,  -15,   33,   -3, 
			 -14,  -41,  -32,   12, 
		},
		{
			  70,   91,   32,  146, 
			  49,   64,  160,  164, 
			 -18,   59,   61,   47, 
			 -58,  -31,   16,   28, 
			 -81,  -47,  -46,  -16, 
			 -99,  -52,  -47,  -42, 
			-130,  -44,  -46,  -34, 
			 -60,  -62,  -24,    6, 
		},
		{
			 -49,   -6, -163,  -86, 
			 -88,   29,   24,    8, 
			 -24,   69,   88,   70, 
			 -11,   -3,   50,   81, 
			 -19,    9,   13,   48, 
			  -2,   21,   29,   17, 
			   1,   36,   23,   -5, 
			 -78,  -30,  -34,  -46, 
		},
		{
			-317, -148, -139,   15, 
			-110,  -34,  149,   49, 
			  -2,  155,  121,  165, 
			  33,   40,   83,   86, 
			 -18,   28,   40,   41, 
			 -28,   20,   35,   34, 
			 -42,  -68,    0,    5, 
			-125,  -28,  -71,  -49, 
		},
		{
			 -29,  -29,  -29,  -29, 
			  56,  155,  156,  198, 
			 -59,    0,   67,   80, 
			 -62,    3,   -7,   21, 
			 -78,  -23,  -32,    8, 
			 -64,   -7,  -26,  -26, 
			 -84,    0,  -26,  -61, 
			 -29,  -29,  -29,  -29, 
		},
	},
	{
		{
			 -83,  -62,  -18,  -39, 
			   7,   31,   31,    2, 
			  12,   36,   37,   13, 
			   2,   44,   57,   55, 
			 -12,   18,   56,   73, 
			 -19,   10,   39,   60, 
			 -53,  -20,   17,   38, 
			-121,  -71,  -32,  -67, 
		},
		{
			 -11,    3,  -17,    4, 
			 -31,   50,   50,  101, 
			 -40,  -21,   30,   98, 
			  19,   89,   47,  105, 
			 -19,   56,   46,   86, 
			 -11,  -57,   21,   10, 
			 -61,  -72, -100,  -33, 
			 -99,  -68,  -71, -107, 
		},
		{
			   9,    2,   26,    4, 
			  12,   10,  -12,  -12, 
			   7,   -1,   -2,    4, 
			  10,    2,   14,   -1, 
			  -2,    2,    9,    0, 
			 -11,   -5,  -12,   -6, 
			  -2,  -13,   -5,   -4, 
			 -23,    7,    0,   -3, 
		},
		{
			 -25,  -30,   10,    3, 
			   1,   -5,    2,   -4, 
			  18,   -6,    4,    0, 
			  10,   26,   26,   27, 
			  -3,   12,   30,   34, 
			 -14,    0,   18,   33, 
			 -38,  -27,  -11,   17, 
			 -24,   -7,  -37,   -4, 
		},
		{
			 -92,  -50,    4,  -26, 
			 -29,    8,  -24,   24, 
			 -30,  -15,   45,   33, 
			  -6,   41,   66,   78, 
			  -5,   31,   64,   74, 
			 -20,    7,   24,   53, 
			 -52,   -7,    2,   19, 
			 -56,  -77,  -11,   -5, 
		},
		{
			 -60,  -60,  -60,  -60, 
			 322,  285,  229,  201, 
			 124,  130,   67,   51, 
			 -14,  -26,  -46,  -66, 
			 -54,  -53,  -76,  -83, 
			 -71,  -59,  -76,  -63, 
			 -59,  -53,  -55,  -44, 
			 -60,  -60,  -60,  -60, 
		},
	},
}
Iteration: 26
Error: 0.0622411
{
	{ 0, 41, 18, 16, 6, 0 },
	{ 0, 1988, 932, 734, 668, 180 },
	{ 0, 1882, 1033, 568, 515, 257 },
	{
		{
			  18,  179,   38,  -21, 
			 -47,    5,   56,   95, 
			  -5,  135,  154,   60, 
			-106,  -38,  -59,  -90, 
			-173, -103, -147, -205, 
			 -79,  -59, -123, -168, 
			  29,    8,  -85, -149, 
			  34,   62,  -55,   -1, 
		},
		{
			  -6,   40,  112,  111, 
			 -11,  -70,   32,  -30, 
			  42,   44,   33,   20, 
			 -14,  -52,   -1,  -27, 
			 -15,  -22,  -21,  -28, 
			 -26,   14,  -14,  -16, 
			 -57,  -15,   33,   -3, 
			 -15,  -41,  -33,   12, 
		},
		{
			  70,   96,   32,  146, 
			  49,   64,  165,  164, 
			 -18,   59,   61,   47, 
			 -58,  -31,   16,   28, 
			 -81,  -47,  -47,  -16, 
			 -99,  -52,  -47,  -42, 
			-130,  -44,  -46,  -34, 
			 -60,  -62,  -24,    6, 
		},
		{
			 -49,   -6, -163,  -86, 
			 -88,   29,   23,    9, 
			 -24,   69,   88,   70, 
			 -11,   -3,   50,   81, 
			 -19,    9,   13,   48, 
			  -2,   21,   29,   17, 
			   3,   36,   23,   -5, 
			 -78,  -30,  -34,  -46, 
		},
		{
			-316, -152, -144,    5, 
			-111,  -34,  148,   49, 
			  -2,  155,  121,  165, 
			  33,   40,   83,   86, 
			 -18,   28,   40,   41, 
			 -28,   20,   35,   34, 
			 -42,  -68,    0,    5, 
			-125,  -28,  -71,  -49, 
		},
		{
			 -29,  -29,  -29,  -29, 
			  56,  155,  155,  198, 
			 -59,    0,   67,   80, 
			 -62,    3,   -7,   21, 
			 -78,  -23,  -32,    8, 
			 -64,   -7,  -26,  -26, 
			 -84,    0,  -26,  -61, 
			 -29,  -29,  -29,  -29, 
		},
	},
	{
		{
			 -83,  -62,  -19,  -37, 
			   7,   29,   31,    2, 
			  12,   36,   37,   13, 
			   2,   44,   57,   55, 
			 -12,   18,   58,   73, 
			 -19,   10,   39,   60, 
			 -53,  -20,   17,   38, 
			-121,  -71,  -32,  -67, 
		},
		{
			 -11,    3,  -17,    4, 
			 -31,   50,   50,  102, 
			 -40,  -21,   30,   98, 
			  19,   89,   47,  105, 
			 -19,   56,   46,   86, 
			 -11,  -57,   21,   10, 
			 -61,  -72, -100,  -33, 
			 -99,  -68,  -72, -107, 
		},
		{
			   9,    2,   26,    4, 
			  12,   10,  -12,  -12, 
			   7,   -1,   -2,    4, 
			  10,    2,   14,   -1, 
			  -2,    2,    9,    0, 
			 -11,   -5,  -12,   -6, 
			  -2,  -13,   -5,   -4, 
			 -23,    7,    0,   -3, 
		},
		{
			 -25,  -25,   10,    3, 
			   1,   -5,    2,   -5, 
			  18,   -6,    4,    0, 
			  10,   26,   27,   27, 
			  -2,   12,   30,   34, 
			 -14,    0,   18,   33, 
			 -38,  -27,  -11,   17, 
			 -23,   -8,  -37,   -4, 
		},
		{
			 -92,  -50,    3,  -26, 
			 -29,    8,  -24,   24, 
			 -30,  -15,   45,   33, 
			  -6,   41,   66,   78, 
			  -5,   31,   64,   74, 
			 -20,    7,   24,   53, 
			 -52,   -7,    2,   19, 
			 -59,  -77,  -11,   -5, 
		},
		{
			 -60,  -60,  -60,  -60, 
			 322,  286,  229,  201, 
			 124,  130,   67,   51, 
			 -14,  -26,  -46,  -66, 
			 -54,  -53,  -76,  -83, 
			 -71,  -59,  -76,  -63, 
			 -59,  -53,  -55,  -44, 
			 -60,  -60,  -60,  -60, 
		},
	},
}
Iteration: 27
Error: 0.0622409
{
	{ 0, 41, 18, 16, 6, 0 },
	{ 0, 1993, 932, 734, 668, 180 },
	{ 0, 1882, 1033, 568, 515, 257 },
	{
		{
			  13,  179,   38,  -21, 
			 -46,    5,   57,   95, 
			  -5,  135,  154,   51, 
			-106,  -38,  -64,  -90, 
			-173, -109, -153, -205, 
			 -79,  -59, -123, -168, 
			  29,    8,  -85, -149, 
			  34,   62,  -55,   -1, 
		},
		{
			  -5,   40,  112,  111, 
			 -11,  -70,   32,  -30, 
			  42,   44,   33,   20, 
			 -14,  -52,   -1,  -27, 
			 -15,  -22,  -21,  -28, 
			 -26,   14,  -14,  -16, 
			 -57,  -15,   33,   -3, 
			 -15,  -41,  -33,   12, 
		},
		{
			  70,   96,   32,  146, 
			  49,   64,  165,  164, 
			 -18,   59,   61,   47, 
			 -58,  -31,   16,   28, 
			 -81,  -47,  -47,  -16, 
			 -99,  -52,  -47,  -42, 
			-130,  -44,  -46,  -34, 
			 -60,  -62,  -24,    6, 
		},
		{
			 -49,   -7, -162,  -86, 
			 -88,   29,   23,    8, 
			 -24,   69,   88,   70, 
			 -11,   -3,   50,   81, 
			 -19,    9,   13,   48, 
			  -2,   21,   29,   17, 
			   3,   36,   23,   -5, 
			 -78,  -30,  -34,  -46, 
		},
		{
			-321, -152, -144,    5, 
			-111,  -34,  148,   49, 
			  -2,  155,  121,  165, 
			  33,   40,   83,   86, 
			 -18,   28,   40,   41, 
			 -28,   20,   35,   34, 
			 -42,  -68,    0,    5, 
			-125,  -28,  -71,  -49, 
		},
		{
			 -29,  -29,  -29,  -29, 
			  56,  155,  155,  198, 
			 -59,    0,   67,   80, 
			 -62,    3,   -7,   21, 
			 -78,  -23,  -32,    8, 
			 -64,   -7,  -26,  -26, 
			 -84,    0,  -26,  -61, 
			 -29,  -29,  -29,  -29, 
		},
	},
	{
		{
			 -83,  -62,  -19,  -37, 
			   8,   29,   31,    2, 
			  12,   36,   37,   13, 
			   2,   44,   57,   55, 
			 -12,   18,   58,   73, 
			 -19,   10,   39,   60, 
			 -53,  -20,   17,   38, 
			-121,  -71,  -32,  -67, 
		},
		{
			 -11,    3,  -17,    4, 
			 -31,   50,   50,  101, 
			 -40,  -21,   30,   98, 
			  19,   89,   47,  105, 
			 -19,   56,   46,   86, 
			 -11,  -57,   21,   10, 
			 -61,  -72, -100,  -33, 
			 -99,  -68,  -72, -107, 
		},
		{
			   9,    2,   26,    4, 
			  12,   10,  -12,  -12, 
			   7,   -1,   -2,    4, 
			  10,    2,   14,   -1, 
			  -2,    2,    9,    0, 
			 -11,   -5,  -12,   -6, 
			  -2,  -13,   -5,   -4, 
			 -23,    7,    0,   -3, 
		},
		{
			 -25,  -25,   10,    3, 
			   2,   -5,    2,   -5, 
			  18,   -6,    4,    0, 
			  10,   26,   27,   27, 
			  -2,   12,   30,   34, 
			 -14,    0,   18,   33, 
			 -38,  -27,  -11,   17, 
			 -23,   -8,  -37,   -4, 
		},
		{
			 -92,  -50,    3,  -26, 
			 -29,    8,  -24,   24, 
			 -30,  -15,   45,   33, 
			  -6,   41,   66,   78, 
			  -5,   31,   64,   74, 
			 -19,    7,   24,   53, 
			 -53,   -7,    2,   19, 
			 -58,  -77,  -11,   -5, 
		},
		{
			 -60,  -60,  -60,  -60, 
			 322,  286,  234,  201, 
			 124,  130,   67,   51, 
			 -14,  -26,  -46,  -66, 
			 -54,  -53,  -76,  -83, 
			 -71,  -59,  -76,  -63, 
			 -59,  -53,  -55,  -44, 
			 -60,  -60,  -60,  -60, 
		},
	},
}
Iteration: 28
Error: 0.0622409
{
	{ 0, 41, 18, 16, 6, 0 },
	{ 0, 1993, 932, 734, 668, 180 },
	{ 0, 1882, 1033, 568, 515, 257 },
	{
		{
			  13,  173,   38,  -21, 
			 -47,    9,   57,   95, 
			  -5,  135,  154,   51, 
			-106,  -38,  -64,  -90, 
			-173, -109, -153, -205, 
			 -79,  -59, -123, -168, 
			  29,    8,  -85, -149, 
			  34,   62,  -55,   -1, 
		},
		{
			  -5,   35,  112,  111, 
			 -11,  -70,   32,  -30, 
			  42,   44,   33,   20, 
			 -14,  -52,   -1,  -27, 
			 -15,  -22,  -21,  -28, 
			 -26,   14,  -14,  -16, 
			 -57,  -15,   33,   -3, 
			 -15,  -41,  -33,   12, 
		},
		{
			  70,   96,   32,  146, 
			  49,   64,  165,  164, 
			 -18,   59,   61,   47, 
			 -58,  -31,   16,   28, 
			 -81,  -47,  -47,  -16, 
			 -99,  -52,  -47,  -42, 
			-130,  -44,  -46,  -34, 
			 -60,  -62,  -24,    6, 
		},
		{
			 -49,   -7, -162,  -86, 
			 -87,   29,   23,    8, 
			 -24,   69,   88,   70, 
			 -11,   -3,   50,   81, 
			 -19,    9,   13,   48, 
			  -2,   21,   29,   17, 
			   3,   36,   23,   -5, 
			 -78,  -30,  -34,  -46, 
		},
		{
			-321, -152, -144,    5, 
			-111,  -34,  148,   49, 
			  -2,  155,  121,  165, 
			  33,   40,   83,   86, 
			 -18,   28,   40,   41, 
			 -28,   20,   35,   34, 
			 -42,  -68,    0,    5, 
			-125,  -28,  -71,  -49, 
		},
		{
			 -29,  -29,  -29,  -29, 
			  56,  155,  155,  198, 
			 -59,    0,   67,   80, 
			 -62,    3,   -7,   21, 
			 -78,  -23,  -32,    8, 
			 -64,   -7,  -26,  -26, 
			 -84,    0,  -26,  -61, 
			 -29,  -29,  -29,  -29, 
		},
	},
	{
		{
			 -83,  -62,  -19,  -37, 
			   8,   29,   31,    2, 
			  12,   36,   37,   13, 
			   2,   44,   57,   55, 
			 -12,   18,   58,   73, 
			 -19,   10,   39,   60, 
			 -53,  -20,   17,   38, 
			-121,  -71,  -32,  -67, 
		},
		{
			 -11,    3,  -12,    4, 
			 -31,   50,   50,  101, 
			 -40,  -21,   30,   98, 
			  19,   89,   47,  105, 
			 -19,   56,   46,   86, 
			 -11,  -57,   21,   10, 
			 -61,  -72, -100,  -33, 
			 -99,  -68,  -72, -107, 
		},
		{
			   9,    2,   26,    4, 
			  12,   10,  -12,  -12, 
			   7,   -1,   -2,    4, 
			  10,    2,   14,   -1, 
			  -2,    2,    9,    0, 
			 -11,   -5,  -12,   -6, 
			  -2,  -13,   -5,   -4, 
			 -23,    7,    0,   -3, 
		},
		{
			 -25,  -26,   10,    3, 
			   2,   -5,    2,   -5, 
			  18,   -6,    4,    0, 
			  10,   26,   27,   27, 
			  -2,   12,   30,   34, 
			 -14,    0,   18,   33, 
			 -38,  -27,  -11,   17, 
			 -23,   -8,  -37,   -4, 
		},
		{
			 -92,  -50,    3,  -26, 
			 -29,    8,  -24,   24, 
			 -30,  -15,   45,   33, 
			  -6,   41,   66,   78, 
			  -5,   31,   64,   74, 
			 -19,    7,   24,   53, 
			 -53,   -7,    2,   19, 
			 -58,  -77,  -11,   -5, 
		},
		{
			 -60,  -60,  -60,  -60, 
			 322,  286,  234,  201, 
			 124,  130,   67,   51, 
			 -14,  -26,  -46,  -66, 
			 -54,  -53,  -76,  -83, 
			 -71,  -59,  -76,  -63, 
			 -59,  -53,  -55,  -44, 
			 -60,  -60,  -60,  -60, 
		},
	},
}
