Iteration: 0
Error: 0.0673032
{
	{ 0, 171, 19, 0, 10, 0 },
	{ 0, 1245, 570, 380, 380, 120 },
	{ 0, 1015, 616, 370, 346, 144 },
	{
		{
			 -20,   64,   35,  -15, 
			  20,   60,   64,   50, 
			  74,  125,  105,    7, 
			   0,   81,   36,  -40, 
			 -40,  -10,  -50, -110, 
			  -6,    4,  -60, -106, 
			  30,   42,  -20,  -92, 
			  -4,   60,  -26,  -14, 
		},
		{
			 -20,    5,   36,   49, 
			 -38,  -27,   35,   46, 
			   1,   10,   45,   71, 
			 -11,   -6,   34,   32, 
			 -19,    6,    5,   13, 
			 -11,    1,    5,   -6, 
			 -40,  -22,   15,   -5, 
			 -20,  -41,  -45,    7, 
		},
		{
			  70,   70,   60,  124, 
			  45,   80,  120,  120, 
			  25,   56,   70,   70, 
			  15,    0,   50,   54, 
			  11,    0,   10,   24, 
			 -31,  -10,    0,    4, 
			 -55,  -10,    0,    0, 
			 -16,  -20,    0,   25, 
		},
		{
			  -5,  -14,  -68,  -31, 
			 -80,   43,   20,   16, 
			   0,   44,   85,   60, 
			  -4,    5,   65,   80, 
			  -6,   24,   30,   60, 
			  12,   20,   40,   34, 
			  -6,   39,   34,   20, 
			 -50,   -6,   -5,  -16, 
		},
		{
			-202, -130, -100,   20, 
			-126,  -30,   70,   40, 
			 -50,   70,   84,  105, 
			   8,   17,   69,   60, 
			 -30,   20,   25,   36, 
			 -40,   -5,   21,   25, 
			 -20,  -50,  -10,   -3, 
			-112,  -31,  -64,  -46, 
		},
		{
			   0,    0,    0,    0, 
			 340,  285,  290,  292, 
			 104,  130,  131,  114, 
			  15,   29,   18,   31, 
			  -4,    0,  -10,   20, 
			  -1,    9,    0,   -4, 
			 -14,   16,   -2,  -30, 
			   0,    0,    0,    0, 
		},
	},
	{
		{
			 -15,   10,    5,   -1, 
			  22,   44,   39,   20, 
			  17,   45,   44,   20, 
			  -1,   30,   37,   34, 
			 -20,    3,   27,   34, 
			 -18,    0,   16,   24, 
			 -38,  -12,    5,   12, 
			 -69,  -44,  -30,  -41, 
		},
		{
			 135,  126,  134,  121, 
			 101,  159,  100,  120, 
			  65,  106,   90,  130, 
			 135,  176,  120,  179, 
			 127,  117,  148,  175, 
			  80,   73,  115,  120, 
			  64,   86,   25,   75, 
			  35,   93,  119,   -5, 
		},
		{
			  25,   23,   26,   27, 
			  29,   32,   31,   29, 
			  16,   28,   25,   31, 
			  14,   16,   32,   22, 
			   7,   14,   20,   18, 
			   7,   13,    5,   11, 
			   1,   11,   13,   12, 
			  -8,    6,   17,   20, 
		},
		{
			 -25,  -10,   -5,    0, 
			 -15,   10,   14,    8, 
			  -1,   16,   20,   20, 
			   8,   23,   31,   34, 
			   8,   15,   34,   40, 
			  12,   15,   29,   34, 
			 -11,   19,   12,   24, 
			 -19,   -6,  -10,    4, 
		},
		{
			 -79,  -48,   -7,  -23, 
			 -39,   -4,   -8,    9, 
			 -33,    8,   34,   28, 
			  -5,   16,   45,   51, 
			  -4,   15,   45,   50, 
			  -7,    9,   13,   30, 
			 -40,   -6,   -3,    8, 
			 -64,  -42,  -22,  -18, 
		},
		{
			   0,    0,    0,    0, 
			 215,  209,  170,  162, 
			 105,  115,   85,   71, 
			  35,   26,   14,    3, 
			   4,    6,  -11,  -11, 
			  -7,    1,  -11,   -6, 
			  -2,    6,    0,   -6, 
			   0,    0,    0,    0, 
		},
	},
}
Iteration: 1
Error: 0.0647657
{
	{ 0, 96, 19, 9, 4, 0 },
	{ 0, 1409, 660, 435, 441, 115 },
	{ 0, 1139, 706, 409, 386, 155 },
	{
		{
			 -36,   48,   30,  -20, 
			 -25,   -1,   33,   50, 
			   5,   70,   90,   33, 
			 -55,   25,    6,  -30, 
			 -90,  -50,  -65, -100, 
			 -31,  -17,  -59,  -93, 
			  44,   25,  -45, -112, 
			  18,   56,  -41,   -7, 
		},
		{
			 -20,   16,   50,   74, 
			 -23,  -28,   70,   60, 
			  26,   34,   70,   81, 
			  -6,  -19,   37,   16, 
			 -17,    6,   -4,   -2, 
			 -12,    8,   -1,  -11, 
			 -45,  -27,   24,   -4, 
			 -15,  -46,  -47,   12, 
		},
		{
			  91,   90,   90,  148, 
			  59,   90,  133,  140, 
			  35,   70,   80,   71, 
			   5,    9,   51,   64, 
			 -13,    0,    0,   24, 
			 -54,  -19,   -6,   -1, 
			 -76,  -14,   -8,   -4, 
			 -24,  -19,    6,   29, 
		},
		{
			  24,   27,  -43,  -21, 
			 -40,   75,   62,   55, 
			  21,   80,  115,  104, 
			  25,   23,   94,  110, 
			  19,   48,   42,   79, 
			  23,   49,   59,   48, 
			  29,   52,   49,   30, 
			 -29,   15,    5,    7, 
		},
		{
			-212, -115,  -91,   33, 
			-106,  -16,  116,   61, 
			 -11,  100,  102,  135, 
			  13,   29,   74,   75, 
			 -23,   28,   30,   36, 
			 -35,    6,   28,   28, 
			 -28,  -64,   -8,    0, 
			-102,  -32,  -60,  -42, 
		},
		{
			   0,    0,    0,    0, 
			 215,  229,  255,  253, 
			  59,   88,  113,  114, 
			  -3,   29,   21,   38, 
			 -16,    0,   -9,   24, 
			  -7,   14,   -3,   -2, 
			 -23,   21,    1,  -29, 
			   0,    0,    0,    0, 
		},
	},
	{
		{
			 -43,  -21,   -7,  -11, 
			   8,   34,   37,   19, 
			  12,   45,   42,   20, 
			  -3,   29,   39,   38, 
			 -20,    6,   31,   42, 
			 -21,    2,   20,   32, 
			 -45,  -15,    8,   21, 
			 -84,  -53,  -28,  -47, 
		},
		{
			 174,  158,  161,  150, 
			 141,  214,  140,  170, 
			 105,  121,  125,  190, 
			 178,  256,  179,  254, 
			 157,  187,  208,  255, 
			 141,  109,  170,  180, 
			 115,  121,   40,  115, 
			  70,  128,  138,   26, 
		},
		{
			  37,   32,   40,   37, 
			  42,   40,   35,   33, 
			  28,   38,   35,   37, 
			  29,   28,   42,   31, 
			  18,   24,   30,   26, 
			  14,   22,   12,   17, 
			  14,   15,   22,   22, 
			   4,   22,   27,   30, 
		},
		{
			 -10,    0,   10,   17, 
			   7,   20,   27,   19, 
			  21,   26,   35,   31, 
			  29,   42,   45,   48, 
			  23,   31,   50,   55, 
			  23,   26,   41,   49, 
			   2,   24,   25,   39, 
			  -4,   13,    1,   17, 
		},
		{
			 -80,  -43,   -1,  -18, 
			 -29,    3,   -2,   18, 
			 -23,    8,   42,   36, 
			   2,   32,   54,   66, 
			   1,   25,   55,   60, 
			  -7,   12,   21,   42, 
			 -35,   -2,    7,   17, 
			 -54,  -42,  -12,   -9, 
		},
		{
			   0,    0,    0,    0, 
			 266,  248,  203,  192, 
			 126,  135,  100,   86, 
			  35,   30,   14,   -2, 
			   2,    8,  -11,  -13, 
			 -11,    2,  -12,   -3, 
			  -1,    6,    3,    3, 
			   0,    0,    0,    0, 
		},
	},
}
Iteration: 2
Error: 0.0636629
{
	{ 0, 67, 19, 13, 2, 0 },
	{ 0, 1574, 715, 477, 480, 122 },
	{ 0, 1224, 773, 434, 415, 166 },
	{
		{
			 -30,   59,   31,  -30, 
			 -25,    5,   27,   51, 
			  15,   85,   95,   32, 
			 -59,    9,   10,  -40, 
			 -99,  -50,  -72, -115, 
			 -38,  -24,  -66, -104, 
			  40,   19,  -52, -123, 
			  19,   56,  -47,   -3, 
		},
		{
			 -20,   34,   70,   94, 
			 -15,  -39,   80,   60, 
			  37,   49,   75,   76, 
			  -9,  -35,   27,    1, 
			 -14,   -2,  -13,  -13, 
			 -18,   11,   -5,  -15, 
			 -50,  -27,   32,   -3, 
			 -12,  -43,  -42,   13, 
		},
		{
			  86,  100,   80,  148, 
			  70,   90,  147,  151, 
			  34,   70,   80,   71, 
			   0,    9,   46,   64, 
			 -18,    0,    0,   24, 
			 -54,  -19,   -7,   -1, 
			 -82,  -13,   -8,   -4, 
			 -24,  -19,    7,   29, 
		},
		{
			  24,   47,  -43,   -6, 
			 -34,   85,   71,   67, 
			  30,   99,  124,  115, 
			  33,   34,  104,  125, 
			  29,   59,   52,   88, 
			  33,   58,   69,   58, 
			  34,   66,   62,   39, 
			 -25,   20,   13,   13, 
		},
		{
			-238, -120, -102,   32, 
			-106,  -17,  125,   68, 
			 -12,  124,  111,  144, 
			  19,   32,   79,   78, 
			 -19,   27,   35,   41, 
			 -31,   13,   30,   28, 
			 -31,  -64,   -5,    2, 
			-108,  -29,  -59,  -42, 
		},
		{
			   0,    0,    0,    0, 
			 173,  218,  230,  248, 
			  33,   72,  107,  114, 
			 -10,   29,   21,   44, 
			 -23,    3,   -7,   29, 
			 -14,   18,   -1,    0, 
			 -31,   24,    2,  -29, 
			   0,    0,    0,    0, 
		},
	},
	{
		{
			 -55,  -26,  -13,  -21, 
			   8,   32,   37,   14, 
			  12,   41,   41,   20, 
			  -3,   34,   39,   41, 
			 -21,    7,   36,   49, 
			 -21,    2,   24,   38, 
			 -46,  -17,   10,   27, 
			 -94,  -60,  -28,  -51, 
		},
		{
			 188,  172,  170,  164, 
			 160,  235,  170,  200, 
			 126,  139,  155,  225, 
			 198,  286,  209,  283, 
			 172,  221,  237,  280, 
			 175,  128,  199,  194, 
			 138,  141,   64,  144, 
			  95,  138,  138,   55, 
		},
		{
			  46,   39,   50,   41, 
			  47,   45,   37,   33, 
			  37,   42,   38,   43, 
			  39,   33,   47,   35, 
			  24,   31,   40,   32, 
			  20,   32,   20,   23, 
			  29,   25,   28,   29, 
			  10,   32,   33,   36, 
		},
		{
			   4,    9,   25,   27, 
			  22,   31,   35,   29, 
			  40,   34,   41,   37, 
			  40,   56,   54,   57, 
			  34,   41,   64,   65, 
			  27,   39,   54,   64, 
			  11,   30,   35,   48, 
			  10,   26,   12,   33, 
		},
		{
			 -79,  -38,    4,  -13, 
			 -19,    7,   -2,   22, 
			 -19,    8,   47,   39, 
			   7,   37,   63,   71, 
			   5,   34,   61,   67, 
			  -7,   16,   30,   52, 
			 -35,    2,   12,   24, 
			 -44,  -48,   -5,   -3, 
		},
		{
			   0,    0,    0,    0, 
			 296,  273,  222,  208, 
			 142,  150,  105,   90, 
			  37,   34,   14,   -2, 
			   2,    8,  -11,  -17, 
			 -11,    2,  -13,   -3, 
			  -1,    6,    3,    8, 
			   0,    0,    0,    0, 
		},
	},
}
Iteration: 3
Error: 0.0631079
{
	{ 0, 56, 19, 13, 2, 0 },
	{ 0, 1704, 749, 508, 512, 128 },
	{ 0, 1285, 822, 454, 436, 174 },
	{
		{
			 -26,   79,   30,  -25, 
			 -39,    3,   27,   51, 
			  10,   97,  100,   32, 
			 -64,    3,   -1,  -40, 
			-112,  -55,  -77, -130, 
			 -48,  -29,  -76, -110, 
			  35,   15,  -62, -128, 
			  22,   57,  -48,   -3, 
		},
		{
			 -20,   43,   90,  113, 
			 -10,  -44,   80,   50, 
			  42,   53,   71,   66, 
			 -10,  -42,   22,   -4, 
			 -14,   -8,  -14,  -17, 
			 -19,   14,   -7,  -15, 
			 -50,  -23,   32,   -3, 
			 -16,  -42,  -37,   13, 
		},
		{
			  81,  104,   80,  153, 
			  70,   95,  156,  160, 
			  28,   70,   85,   71, 
			  -9,    8,   51,   64, 
			 -28,   -1,   -5,   22, 
			 -59,  -19,   -9,   -1, 
			 -87,  -13,   -8,   -2, 
			 -24,  -21,    9,   33, 
		},
		{
			  23,   53,  -43,   -6, 
			 -25,   90,   81,   68, 
			  30,  110,  139,  125, 
			  43,   44,  108,  135, 
			  33,   64,   61,   97, 
			  42,   66,   78,   65, 
			  43,   76,   67,   47, 
			 -21,   30,   20,   14, 
		},
		{
			-253, -115, -104,   37, 
			-106,  -17,  134,   68, 
			  -1,  133,  115,  154, 
			  24,   36,   84,   81, 
			 -20,   32,   35,   41, 
			 -30,   15,   32,   31, 
			 -31,  -64,   -1,    2, 
			-113,  -28,  -59,  -42, 
		},
		{
			   0,    0,    0,    0, 
			 143,  203,  226,  242, 
			  18,   62,  107,  114, 
			 -16,   31,   21,   45, 
			 -29,    6,   -6,   32, 
			 -19,   20,    0,    0, 
			 -36,   26,    3,  -29, 
			   0,    0,    0,    0, 
		},
	},
	{
		{
			 -60,  -35,  -12,  -25, 
			   9,   30,   35,   14, 
			  11,   41,   41,   15, 
			  -4,   35,   43,   44, 
			 -20,    7,   40,   54, 
			 -22,    4,   27,   43, 
			 -46,  -18,   14,   31, 
			-101,  -63,  -28,  -56, 
		},
		{
			 208,  182,  180,  174, 
			 166,  245,  190,  230, 
			 141,  161,  184,  254, 
			 214,  296,  234,  298, 
			 172,  236,  252,  290, 
			 191,  143,  214,  209, 
			 143,  144,   87,  159, 
			 105,  149,  138,   79, 
		},
		{
			  52,   42,   56,   45, 
			  53,   49,   39,   33, 
			  44,   46,   39,   46, 
			  48,   41,   51,   35, 
			  32,   36,   44,   38, 
			  26,   35,   25,   31, 
			  34,   25,   33,   33, 
			  17,   40,   38,   38, 
		},
		{
			  13,   14,   36,   36, 
			  32,   36,   44,   34, 
			  49,   41,   46,   43, 
			  46,   66,   63,   62, 
			  39,   53,   75,   73, 
			  34,   46,   60,   73, 
			  16,   31,   40,   56, 
			  21,   32,   16,   38, 
		},
		{
			 -77,  -39,    9,  -14, 
			 -20,   11,   -3,   26, 
			 -20,    8,   51,   44, 
			   8,   47,   69,   78, 
			  11,   34,   66,   73, 
			  -1,   23,   33,   58, 
			 -30,    6,   12,   29, 
			 -44,  -48,   -1,    1, 
		},
		{
			   0,    0,    0,    0, 
			 318,  292,  237,  218, 
			 154,  159,  110,   95, 
			  41,   34,   14,   -6, 
			   2,    7,  -13,  -20, 
			 -11,    2,  -13,   -3, 
			   1,    6,    3,   12, 
			   0,    0,    0,    0, 
		},
	},
}
Iteration: 4
Error: 0.0627942
{
	{ 0, 50, 19, 14, 2, 0 },
	{ 0, 1803, 777, 531, 536, 132 },
	{ 0, 1340, 861, 469, 453, 180 },
	{
		{
			 -21,   94,   30,  -24, 
			 -49,    7,   31,   50, 
			  10,  101,  101,   38, 
			 -64,   -2,   -1,  -45, 
			-121,  -61,  -87, -135, 
			 -52,  -34,  -87, -124, 
			  32,   15,  -67, -135, 
			  27,   57,  -49,   -3, 
		},
		{
			 -20,   49,  101,  113, 
			  -7,  -45,   75,   45, 
			  46,   51,   66,   56, 
			 -10,  -42,   17,  -11, 
			 -12,   -8,  -18,  -17, 
			 -21,   13,   -7,  -15, 
			 -51,  -18,   34,   -2, 
			 -11,  -40,  -31,   14, 
		},
		{
			  81,  113,   80,  154, 
			  71,   95,  161,  168, 
			  28,   76,   86,   75, 
			 -14,    7,   50,   67, 
			 -29,    1,   -5,   22, 
			 -60,  -19,   -9,   -6, 
			 -88,   -8,   -8,   -3, 
			 -24,  -21,    9,   33, 
		},
		{
			  28,   52,  -43,   -6, 
			 -25,   95,   86,   84, 
			  39,  121,  144,  129, 
			  53,   49,  113,  140, 
			  42,   70,   65,  104, 
			  50,   75,   83,   71, 
			  53,   84,   76,   53, 
			 -17,   34,   26,   18, 
		},
		{
			-264, -122, -110,   27, 
			-106,  -17,  138,   72, 
			  -1,  138,  116,  157, 
			  30,   37,   84,   82, 
			 -18,   32,   40,   41, 
			 -30,   15,   33,   31, 
			 -36,  -64,   -1,    3, 
			-114,  -28,  -65,  -42, 
		},
		{
			   0,    0,    0,    0, 
			 138,  203,  214,  242, 
			   6,   57,  107,  114, 
			 -21,   31,   21,   49, 
			 -34,    6,   -4,   34, 
			 -24,   20,    0,    0, 
			 -41,   26,    3,  -29, 
			   0,    0,    0,    0, 
		},
	},
	{
		{
			 -66,  -41,  -12,  -29, 
			  10,   31,   36,   12, 
			  11,   41,   41,   14, 
			  -3,   35,   43,   46, 
			 -20,    9,   42,   59, 
			 -22,    4,   31,   49, 
			 -46,  -19,   14,   33, 
			-106,  -63,  -30,  -56, 
		},
		{
			 209,  187,  185,  188, 
			 175,  245,  210,  245, 
			 146,  172,  203,  278, 
			 223,  301,  246,  313, 
			 190,  255,  262,  295, 
			 204,  156,  218,  218, 
			 156,  144,  102,  165, 
			 110,  149,  138,   94, 
		},
		{
			  56,   42,   62,   45, 
			  57,   49,   39,   34, 
			  44,   45,   44,   47, 
			  51,   46,   54,   39, 
			  37,   41,   49,   43, 
			  31,   38,   29,   35, 
			  40,   25,   36,   38, 
			  17,   44,   42,   42, 
		},
		{
			  18,   24,   40,   45, 
			  43,   45,   48,   39, 
			  59,   42,   51,   46, 
			  50,   72,   67,   71, 
			  42,   59,   80,   77, 
			  34,   46,   66,   77, 
			  16,   31,   40,   66, 
			  25,   37,   16,   46, 
		},
		{
			 -77,  -39,    9,  -11, 
			 -16,   17,   -3,   27, 
			 -16,    8,   52,   44, 
			   8,   47,   70,   83, 
			  11,   38,   71,   78, 
			  -2,   23,   37,   62, 
			 -29,    6,   17,   34, 
			 -44,  -48,    4,    6, 
		},
		{
			   0,    0,    0,    0, 
			 333,  302,  251,  227, 
			 163,  165,  113,   99, 
			  42,   34,   14,   -6, 
			   5,    7,  -13,  -22, 
			 -11,    2,  -14,   -3, 
			   1,    7,    5,   11, 
			   0,    0,    0,    0, 
		},
	},
}
Iteration: 5
Error: 0.0625961
{
	{ 0, 46, 18, 14, 4, 0 },
	{ 0, 1878, 797, 551, 557, 136 },
	{ 0, 1389, 892, 480, 465, 185 },
	{
		{
			  -5,  105,   30,  -19, 
			 -55,   11,   41,   65, 
			  20,  111,  111,   38, 
			 -78,    2,   -6,  -65, 
			-130,  -71,  -92, -161, 
			 -57,  -34,  -92, -137, 
			  32,   14,  -67, -135, 
			  27,   60,  -49,   -3, 
		},
		{
			 -15,   59,  111,  124, 
			  -7,  -49,   74,   40, 
			  51,   51,   61,   46, 
			 -11,  -42,    9,  -16, 
			 -12,  -12,  -18,  -20, 
			 -22,   17,   -7,  -15, 
			 -51,  -14,   35,   -1, 
			 -11,  -37,  -31,   14, 
		},
		{
			  81,  122,   80,  169, 
			  71,   95,  171,  182, 
			  29,   83,   86,   75, 
			 -19,    2,   49,   68, 
			 -34,   -6,  -10,   22, 
			 -64,  -19,   -9,   -6, 
			 -88,   -8,   -8,   -3, 
			 -24,  -22,    9,   33, 
		},
		{
			  27,   56,  -54,  -11, 
			 -25,   94,   91,   89, 
			  39,  126,  149,  137, 
			  53,   55,  122,  146, 
			  46,   76,   71,  109, 
			  60,   80,   89,   77, 
			  63,   93,   81,   57, 
			 -11,   35,   30,   18, 
		},
		{
			-279, -124, -120,   27, 
			-107,  -21,  138,   68, 
			  -2,  138,  116,  162, 
			  29,   37,   89,   82, 
			 -18,   32,   40,   41, 
			 -28,   19,   33,   31, 
			 -36,  -64,   -1,    4, 
			-115,  -28,  -65,  -48, 
		},
		{
			   0,    0,    0,    0, 
			 127,  198,  209,  242, 
			  -3,   51,  101,  114, 
			 -25,   31,   21,   49, 
			 -40,    6,   -4,   35, 
			 -27,   21,    2,    2, 
			 -46,   29,    3,  -29, 
			   0,    0,    0,    0, 
		},
	},
	{
		{
			 -67,  -45,  -15,  -32, 
			   9,   26,   36,    8, 
			  11,   39,   40,   16, 
			  -3,   38,   48,   49, 
			 -16,   13,   46,   64, 
			 -22,    6,   33,   53, 
			 -46,  -19,   14,   35, 
			-107,  -68,  -30,  -58, 
		},
		{
			 209,  192,  190,  198, 
			 186,  260,  224,  265, 
			 156,  181,  218,  291, 
			 233,  306,  256,  318, 
			 189,  259,  262,  301, 
			 199,  160,  223,  227, 
			 156,  144,  107,  173, 
			 122,  149,  143,   99, 
		},
		{
			  56,   44,   64,   50, 
			  57,   53,   39,   34, 
			  47,   45,   44,   48, 
			  51,   46,   56,   43, 
			  41,   46,   49,   43, 
			  31,   38,   29,   35, 
			  40,   30,   36,   40, 
			  17,   47,   42,   42, 
		},
		{
			  22,   24,   51,   49, 
			  52,   45,   53,   39, 
			  63,   46,   56,   50, 
			  58,   76,   72,   76, 
			  46,   59,   85,   81, 
			  34,   55,   70,   81, 
			  16,   31,   45,   66, 
			  28,   41,   22,   51, 
		},
		{
			 -78,  -31,   14,  -11, 
			 -12,   17,   -3,   31, 
			 -17,    3,   58,   44, 
			  11,   52,   75,   88, 
			  11,   43,   74,   83, 
			  -2,   24,   41,   66, 
			 -29,   10,   17,   34, 
			 -39,  -48,    8,   10, 
		},
		{
			   0,    0,    0,    0, 
			 343,  312,  255,  233, 
			 169,  169,  118,  102, 
			  42,   34,   14,   -6, 
			   5,    7,  -14,  -22, 
			 -11,    2,  -16,   -3, 
			   1,    7,    5,   11, 
			   0,    0,    0,    0, 
		},
	},
}
Iteration: 6
Error: 0.0624748
{
	{ 0, 43, 18, 15, 4, 0 },
	{ 0, 1933, 811, 567, 574, 138 },
	{ 0, 1428, 917, 489, 474, 189 },
	{
		{
			   1,  130,   35,  -25, 
			 -55,   22,   41,   82, 
			  13,  121,  136,   48, 
			 -73,  -12,  -27,  -62, 
			-144,  -86, -102, -172, 
			 -58,  -40, -104, -148, 
			  32,   12,  -67, -141, 
			  32,   62,  -49,   -1, 
		},
		{
			  -6,   63,  116,  129, 
			  -7,  -57,   64,   24, 
			  51,   56,   53,   42, 
			 -11,  -47,    9,  -16, 
			 -12,  -12,  -18,  -22, 
			 -22,   16,   -8,  -15, 
			 -51,  -12,   35,   -1, 
			 -12,  -38,  -31,   14, 
		},
		{
			  91,  118,   80,  169, 
			  77,   95,  171,  183, 
			  28,   88,   86,   75, 
			 -19,    2,   49,   58, 
			 -41,  -12,  -10,   17, 
			 -64,  -19,   -9,   -6, 
			 -91,   -8,   -8,   -3, 
			 -24,  -22,    9,   37, 
		},
		{
			  32,   56,  -64,  -11, 
			 -18,  100,   91,   89, 
			  43,  135,  149,  137, 
			  59,   60,  122,  146, 
			  46,   79,   75,  113, 
			  65,   80,   93,   82, 
			  64,   99,   84,   61, 
			 -11,   41,   33,   22, 
		},
		{
			-289, -125, -121,   27, 
			-108,  -25,  148,   68, 
			   3,  150,  116,  167, 
			  28,   37,   89,   82, 
			 -17,   32,   40,   41, 
			 -29,   18,   34,   30, 
			 -36,  -65,   -2,    5, 
			-116,  -27,  -65,  -48, 
		},
		{
			   0,    0,    0,    0, 
			 107,  198,  210,  242, 
			 -15,   51,  101,  108, 
			 -25,   32,   22,   50, 
			 -42,    6,   -3,   37, 
			 -29,   22,    2,    3, 
			 -48,   29,    3,  -29, 
			   0,    0,    0,    0, 
		},
	},
	{
		{
			 -71,  -50,  -16,  -32, 
			  11,   25,   36,    7, 
			  11,   39,   39,   15, 
			  -4,   39,   51,   51, 
			 -16,   15,   50,   68, 
			 -22,    6,   36,   55, 
			 -50,  -19,   14,   38, 
			-112,  -68,  -31,  -61, 
		},
		{
			 208,  201,  195,  202, 
			 185,  270,  243,  281, 
			 166,  181,  228,  297, 
			 231,  306,  261,  318, 
			 193,  259,  261,  300, 
			 208,  160,  233,  226, 
			 156,  144,  117,  183, 
			 122,  154,  147,   99, 
		},
		{
			  57,   48,   65,   50, 
			  57,   53,   39,   34, 
			  49,   45,   44,   48, 
			  51,   45,   59,   43, 
			  43,   47,   54,   43, 
			  33,   43,   31,   39, 
			  45,   30,   40,   40, 
			  17,   47,   45,   42, 
		},
		{
			  26,   28,   56,   54, 
			  52,   50,   55,   42, 
			  67,   46,   56,   53, 
			  58,   80,   75,   80, 
			  50,   63,   86,   85, 
			  34,   55,   71,   86, 
			  23,   32,   45,   70, 
			  33,   45,   22,   52, 
		},
		{
			 -73,  -36,   19,   -6, 
			 -11,   17,   -7,   34, 
			 -17,    3,   58,   45, 
			  16,   56,   76,   88, 
			  12,   42,   77,   88, 
			   2,   27,   41,   71, 
			 -30,   11,   21,   36, 
			 -40,  -53,    7,   11, 
		},
		{
			   0,    0,    0,    0, 
			 354,  321,  266,  239, 
			 173,  174,  118,  107, 
			  42,   34,   14,   -6, 
			   5,    7,  -14,  -23, 
			 -11,    2,  -16,   -3, 
			   1,    7,    5,   16, 
			   0,    0,    0,    0, 
		},
	},
}
Iteration: 7
Error: 0.0624033
{
	{ 0, 43, 18, 15, 4, 0 },
	{ 0, 1967, 822, 581, 588, 138 },
	{ 0, 1462, 937, 494, 481, 192 },
	{
		{
			   1,  130,   40,  -26, 
			 -55,   24,   36,   81, 
			  13,  124,  134,   53, 
			 -68,  -12,  -29,  -76, 
			-144,  -86, -120, -186, 
			 -63,  -40, -110, -153, 
			  32,   12,  -72, -144, 
			  32,   62,  -49,   -1, 
		},
		{
			  -6,   58,  116,  119, 
			  -7,  -60,   54,   13, 
			  46,   55,   48,   37, 
			 -11,  -45,    4,  -21, 
			 -11,  -12,  -18,  -22, 
			 -22,   17,   -8,  -13, 
			 -51,  -13,   35,   -1, 
			 -12,  -38,  -31,   15, 
		},
		{
			  86,  118,   70,  169, 
			  77,   95,  181,  183, 
			  22,   88,   86,   81, 
			 -19,    7,   49,   65, 
			 -41,  -13,  -14,   17, 
			 -64,  -20,   -9,   -6, 
			 -91,   -9,   -8,   -2, 
			 -24,  -22,    9,   37, 
		},
		{
			  32,   62,  -70,  -11, 
			 -13,  100,   91,   94, 
			  48,  139,  158,  147, 
			  64,   63,  122,  151, 
			  56,   79,   80,  113, 
			  66,   90,   99,   82, 
			  64,  104,   89,   64, 
			 -11,   41,   36,   27, 
		},
		{
			-295, -125, -133,   27, 
			-106,  -24,  150,   68, 
			   8,  150,  122,  167, 
			  27,   37,   89,   86, 
			 -17,   32,   40,   41, 
			 -27,   18,   34,   30, 
			 -40,  -66,   -2,    5, 
			-115,  -27,  -67,  -48, 
		},
		{
			   0,    0,    0,    0, 
			 107,  188,  200,  235, 
			 -15,   41,  101,  108, 
			 -30,   32,   22,   50, 
			 -42,    6,   -3,   37, 
			 -29,   22,    2,    3, 
			 -48,   29,    3,  -30, 
			   0,    0,    0,    0, 
		},
	},
	{
		{
			 -71,  -50,  -16,  -35, 
			  11,   25,   36,    9, 
			  11,   38,   39,   14, 
			  -4,   40,   51,   51, 
			 -16,   15,   52,   69, 
			 -22,    7,   38,   56, 
			 -50,  -19,   17,   38, 
			-112,  -68,  -31,  -61, 
		},
		{
			 213,  205,  195,  210, 
			 190,  271,  254,  286, 
			 166,  186,  234,  307, 
			 231,  307,  267,  322, 
			 193,  259,  266,  306, 
			 208,  165,  233,  226, 
			 161,  148,  117,  183, 
			 122,  155,  147,  108, 
		},
		{
			  57,   48,   65,   50, 
			  57,   53,   39,   34, 
			  49,   45,   44,   48, 
			  53,   45,   60,   44, 
			  43,   47,   54,   45, 
			  33,   43,   31,   39, 
			  45,   30,   40,   40, 
			  22,   52,   45,   42, 
		},
		{
			  26,   27,   61,   58, 
			  53,   54,   59,   47, 
			  67,   46,   59,   53, 
			  62,   80,   80,   80, 
			  51,   67,   89,   90, 
			  44,   57,   76,   92, 
			  22,   32,   49,   70, 
			  33,   50,   22,   55, 
		},
		{
			 -74,  -37,   20,   -6, 
			 -11,   21,   -4,   33, 
			 -18,    6,   59,   50, 
			  16,   56,   81,   88, 
			  12,   47,   81,   87, 
			   2,   28,   46,   71, 
			 -30,   11,   23,   36, 
			 -41,  -52,    7,   11, 
		},
		{
			   0,    0,    0,    0, 
			 362,  331,  270,  249, 
			 176,  178,  122,  107, 
			  46,   34,   14,   -6, 
			   6,    7,  -16,  -23, 
			 -11,    1,  -16,   -3, 
			   1,    7,    5,   16, 
			   0,    0,    0,    0, 
		},
	},
}
Iteration: 8
Error: 0.0623583
{
	{ 0, 42, 18, 15, 5, 0 },
	{ 0, 1993, 831, 590, 600, 140 },
	{ 0, 1493, 951, 501, 486, 193 },
	{
		{
			   1,  140,   45,  -21, 
			 -60,   25,   41,   80, 
			  13,  123,  134,   53, 
			 -84,  -17,  -29,  -76, 
			-149,  -86, -125, -187, 
			 -63,  -44, -111, -153, 
			  32,   13,  -78, -144, 
			  31,   62,  -55,   -1, 
		},
		{
			  -6,   58,  121,  119, 
			  -8,  -60,   44,    3, 
			  46,   55,   48,   37, 
			 -11,  -47,    2,  -21, 
			 -10,  -12,  -18,  -22, 
			 -22,   17,   -9,  -13, 
			 -53,  -13,   35,   -1, 
			 -13,  -38,  -31,   15, 
		},
		{
			  97,  118,   75,  169, 
			  84,   99,  181,  186, 
			  22,   88,   91,   81, 
			 -14,    6,   48,   65, 
			 -40,  -13,  -14,   17, 
			 -64,  -20,   -9,   -6, 
			 -91,   -9,   -8,   -2, 
			 -24,  -26,    9,   37, 
		},
		{
			  31,   65,  -75,  -11, 
			 -14,  100,   96,   94, 
			  49,  145,  161,  147, 
			  64,   67,  122,  156, 
			  56,   79,   82,  118, 
			  66,   90,   99,   86, 
			  69,  104,   89,   68, 
			  -7,   41,   38,   27, 
		},
		{
			-294, -125, -134,   26, 
			-106,  -29,  150,   63, 
			   8,  154,  122,  162, 
			  27,   37,   89,   86, 
			 -17,   32,   40,   41, 
			 -27,   18,   34,   30, 
			 -40,  -67,   -2,    5, 
			-119,  -27,  -67,  -48, 
		},
		{
			   0,    0,    0,    0, 
			 107,  188,  195,  235, 
			 -21,   41,  101,  108, 
			 -30,   32,   22,   50, 
			 -42,    6,   -3,   37, 
			 -29,   22,    2,    3, 
			 -48,   29,    3,  -30, 
			   0,    0,    0,    0, 
		},
	},
	{
		{
			 -76,  -50,  -16,  -35, 
			  12,   25,   35,    6, 
			  11,   40,   39,   15, 
			   0,   41,   51,   56, 
			 -15,   15,   52,   69, 
			 -22,    8,   38,   57, 
			 -50,  -19,   17,   38, 
			-112,  -68,  -31,  -61, 
		},
		{
			 213,  210,  200,  213, 
			 190,  271,  259,  301, 
			 166,  186,  238,  308, 
			 231,  307,  266,  322, 
			 193,  259,  266,  306, 
			 209,  165,  237,  226, 
			 160,  148,  117,  183, 
			 122,  155,  147,  108, 
		},
		{
			  57,   49,   70,   50, 
			  57,   54,   39,   34, 
			  49,   45,   45,   48, 
			  53,   48,   60,   45, 
			  43,   47,   54,   45, 
			  35,   43,   32,   39, 
			  44,   30,   40,   40, 
			  22,   52,   45,   42, 
		},
		{
			  32,   31,   66,   58, 
			  58,   54,   59,   47, 
			  71,   49,   60,   54, 
			  62,   85,   85,   80, 
			  52,   71,   89,   90, 
			  44,   57,   76,   92, 
			  22,   32,   48,   70, 
			  33,   50,   22,   55, 
		},
		{
			 -73,  -37,   20,   -6, 
			 -11,   26,   -4,   38, 
			 -18,    6,   59,   50, 
			  16,   60,   81,   93, 
			  12,   47,   81,   93, 
			   2,   29,   46,   71, 
			 -31,   12,   23,   36, 
			 -37,  -52,    7,   11, 
		},
		{
			   0,    0,    0,    0, 
			 365,  331,  277,  249, 
			 176,  182,  122,  107, 
			  46,   34,   14,   -6, 
			   6,    7,  -16,  -23, 
			 -11,    1,  -16,   -3, 
			   1,    7,    5,   16, 
			   0,    0,    0,    0, 
		},
	},
}
Iteration: 9
Error: 0.0623233
{
	{ 0, 41, 18, 16, 5, 0 },
	{ 0, 2003, 840, 601, 611, 143 },
	{ 0, 1524, 963, 506, 491, 195 },
	{
		{
			  11,  140,   50,  -16, 
			 -55,   19,   46,   80, 
			  12,  123,  135,   53, 
			 -90,  -21,  -29,  -91, 
			-154,  -91, -131, -187, 
			 -63,  -54, -119, -153, 
			  32,    8,  -79, -144, 
			  36,   62,  -55,   -1, 
		},
		{
			  -6,   52,  121,  119, 
			  -8,  -63,   44,   -7, 
			  51,   55,   48,   37, 
			 -11,  -46,    2,  -21, 
			 -10,  -12,  -18,  -25, 
			 -23,   18,  -11,  -13, 
			 -53,  -11,   36,   -1, 
			 -13,  -39,  -30,   15, 
		},
		{
			  96,  118,   75,  169, 
			  84,   99,  181,  187, 
			  21,   89,   91,   81, 
			 -20,    6,   48,   65, 
			 -40,  -13,  -14,   17, 
			 -64,  -20,  -10,   -6, 
			 -90,   -9,  -10,   -2, 
			 -24,  -26,    9,   42, 
		},
		{
			  27,   59,  -76,   -5, 
			 -14,  105,  102,   89, 
			  49,  145,  165,  147, 
			  64,   67,  122,  156, 
			  56,   79,   84,  118, 
			  71,   92,   99,   88, 
			  73,  108,   92,   68, 
			  -4,   41,   38,   28, 
		},
		{
			-289, -125, -134,   26, 
			-106,  -29,  150,   63, 
			   3,  154,  122,  165, 
			  27,   37,   89,   86, 
			 -17,   31,   40,   41, 
			 -27,   18,   34,   34, 
			 -40,  -67,   -2,    5, 
			-119,  -27,  -67,  -47, 
		},
		{
			   0,    0,    0,    0, 
			  96,  188,  195,  230, 
			 -21,   35,  101,  108, 
			 -30,   32,   22,   50, 
			 -42,    6,   -3,   37, 
			 -29,   22,    2,    3, 
			 -48,   29,    3,  -30, 
			   0,    0,    0,    0, 
		},
	},
	{
		{
			 -80,  -50,  -16,  -40, 
			   7,   25,   33,    6, 
			  11,   40,   38,   15, 
			  -1,   42,   53,   56, 
			 -14,   15,   52,   70, 
			 -22,    8,   38,   57, 
			 -50,  -19,   17,   38, 
			-116,  -71,  -31,  -61, 
		},
		{
			 213,  219,  200,  223, 
			 190,  271,  259,  307, 
			 166,  190,  238,  308, 
			 231,  307,  267,  322, 
			 200,  269,  266,  306, 
			 209,  165,  240,  226, 
			 160,  147,  122,  183, 
			 125,  160,  147,  108, 
		},
		{
			  57,   49,   70,   50, 
			  57,   54,   39,   34, 
			  54,   45,   45,   48, 
			  53,   48,   61,   45, 
			  43,   47,   53,   45, 
			  35,   43,   32,   39, 
			  44,   31,   40,   40, 
			  22,   52,   45,   42, 
		},
		{
			  33,   31,   66,   58, 
			  58,   54,   59,   52, 
			  71,   50,   60,   55, 
			  62,   85,   85,   80, 
			  52,   71,   89,   90, 
			  40,   57,   76,   92, 
			  23,   32,   48,   70, 
			  33,   50,   22,   55, 
		},
		{
			 -73,  -37,   21,   -6, 
			 -10,   26,   -3,   37, 
			 -13,    6,   59,   50, 
			  16,   60,   81,   93, 
			  12,   47,   81,   93, 
			   2,   29,   46,   71, 
			 -27,   11,   23,   41, 
			 -38,  -52,    8,   11, 
		},
		{
			   0,    0,    0,    0, 
			 370,  341,  277,  249, 
			 180,  182,  122,  107, 
			  46,   34,   14,   -6, 
			   6,    7,  -16,  -23, 
			 -11,    1,  -16,   -3, 
			   1,    7,    5,   16, 
			   0,    0,    0,    0, 
		},
	},
}
Iteration: 10
Error: 0.0623052
{
	{ 0, 41, 18, 16, 5, 0 },
	{ 0, 2012, 845, 610, 620, 143 },
	{ 0, 1547, 972, 506, 491, 195 },
	{
		{
			  15,  140,   44,  -11, 
			 -46,   24,   50,   86, 
			   6,  123,  135,   53, 
			 -90,  -21,  -35,  -91, 
			-163,  -91, -131, -187, 
			 -63,  -54, -119, -153, 
			  32,    8,  -79, -144, 
			  36,   62,  -55,   -1, 
		},
		{
			  -6,   42,  115,  110, 
			  -7,  -63,   44,  -12, 
			  51,   49,   48,   37, 
			 -10,  -46,    2,  -21, 
			 -12,  -18,  -18,  -25, 
			 -23,   18,  -11,  -13, 
			 -53,  -10,   36,   -1, 
			 -14,  -39,  -30,   15, 
		},
		{
			  96,  118,   75,  169, 
			  84,   99,  181,  191, 
			  16,   89,   91,   81, 
			 -20,    6,   48,   65, 
			 -40,  -13,  -14,   17, 
			 -64,  -20,  -10,   -6, 
			 -90,   -9,  -10,   -2, 
			 -24,  -26,    9,   42, 
		},
		{
			  27,   59,  -76,   -1, 
			 -11,  105,  102,   84, 
			  49,  145,  165,  147, 
			  65,   67,  122,  156, 
			  56,   79,   84,  118, 
			  71,   92,  104,   88, 
			  73,  108,   92,   68, 
			  -4,   41,   38,   28, 
		},
		{
			-302, -131, -129,   22, 
			-106,  -28,  150,   58, 
			   4,  154,  126,  164, 
			  27,   37,   89,   86, 
			 -17,   31,   40,   41, 
			 -27,   18,   34,   34, 
			 -41,  -67,   -2,    5, 
			-115,  -27,  -67,  -47, 
		},
		{
			   0,    0,    0,    0, 
			  96,  176,  195,  231, 
			 -21,   35,   96,  108, 
			 -30,   32,   22,   50, 
			 -42,    6,   -3,   37, 
			 -29,   22,    2,    3, 
			 -48,   29,    3,  -30, 
			   0,    0,    0,    0, 
		},
	},
	{
		{
			 -80,  -50,  -17,  -40, 
			   6,   26,   34,    6, 
			  11,   40,   38,   15, 
			  -1,   42,   53,   56, 
			 -14,   15,   54,   70, 
			 -22,    8,   39,   57, 
			 -50,  -19,   17,   38, 
			-116,  -71,  -31,  -66, 
		},
		{
			 213,  219,  200,  224, 
			 190,  271,  259,  307, 
			 166,  194,  238,  308, 
			 236,  307,  267,  322, 
			 200,  269,  266,  306, 
			 205,  159,  240,  226, 
			 160,  148,  122,  183, 
			 125,  155,  147,  108, 
		},
		{
			  57,   49,   70,   50, 
			  57,   54,   39,   34, 
			  54,   45,   45,   48, 
			  53,   48,   61,   45, 
			  43,   47,   53,   45, 
			  35,   43,   32,   39, 
			  44,   31,   40,   40, 
			  22,   52,   45,   42, 
		},
		{
			  33,   31,   66,   58, 
			  59,   54,   59,   52, 
			  71,   50,   60,   55, 
			  63,   85,   85,   85, 
			  52,   71,   89,   91, 
			  40,   57,   76,   92, 
			  23,   32,   48,   75, 
			  33,   53,   22,   55, 
		},
		{
			 -68,  -32,   21,   -6, 
			  -9,   26,   -4,   41, 
			 -13,    6,   58,   50, 
			  16,   60,   86,   95, 
			  16,   49,   86,   93, 
			   2,   29,   46,   71, 
			 -27,   11,   23,   41, 
			 -38,  -52,    8,   17, 
		},
		{
			   0,    0,    0,    0, 
			 375,  341,  283,  255, 
			 180,  186,  127,  110, 
			  46,   34,   14,   -6, 
			   6,    7,  -16,  -23, 
			 -11,    1,  -16,   -3, 
			   1,    7,    5,   16, 
			   0,    0,    0,    0, 
		},
	},
}
Iteration: 11
Error: 0.0622919
{
	{ 0, 41, 18, 16, 5, 0 },
	{ 0, 2012, 850, 618, 628, 143 },
	{ 0, 1567, 976, 506, 491, 195 },
	{
		{
			  15,  140,   39,  -11, 
			 -46,   18,   45,   86, 
			   6,  133,  135,   45, 
			 -85,  -27,  -35,  -91, 
			-164,  -91, -131, -187, 
			 -68,  -54, -119, -153, 
			  32,    8,  -79, -149, 
			  36,   62,  -55,   -1, 
		},
		{
			  -6,   42,  115,  105, 
			 -12,  -64,   45,  -12, 
			  48,   49,   43,   32, 
			 -10,  -47,    2,  -21, 
			 -12,  -18,  -18,  -24, 
			 -23,   18,  -11,  -13, 
			 -53,  -11,   36,   -1, 
			 -14,  -39,  -30,   15, 
		},
		{
			  95,  118,   69,  169, 
			  84,   99,  181,  190, 
			  16,   89,   92,   81, 
			 -20,    6,   48,   65, 
			 -41,   -8,  -14,   21, 
			 -64,  -20,  -10,   -6, 
			 -90,   -9,  -10,   -2, 
			 -24,  -26,    9,   42, 
		},
		{
			  31,   69,  -76,   -6, 
			 -11,  106,  102,   84, 
			  49,  145,  165,  147, 
			  69,   70,  122,  156, 
			  56,   83,   84,  118, 
			  71,   92,  104,   88, 
			  73,  109,   97,   68, 
			  -4,   41,   40,   28, 
		},
		{
			-302, -131, -129,   22, 
			-110,  -28,  155,   58, 
			   4,  153,  126,  169, 
			  28,   39,   84,   86, 
			 -17,   31,   40,   41, 
			 -27,   19,   35,   34, 
			 -42,  -68,    0,    5, 
			-120,  -27,  -67,  -51, 
		},
		{
			   0,    0,    0,    0, 
			  86,  176,  195,  231, 
			 -21,   29,   96,  108, 
			 -30,   32,   22,   50, 
			 -45,    6,   -3,   37, 
			 -29,   22,    2,    3, 
			 -48,   29,    3,  -31, 
			   0,    0,    0,    0, 
		},
	},
	{
		{
			 -80,  -56,  -18,  -41, 
			   6,   27,   34,    4, 
			  11,   40,   37,   15, 
			  -1,   42,   53,   56, 
			 -14,   15,   54,   70, 
			 -21,    8,   39,   57, 
			 -52,  -19,   17,   38, 
			-116,  -71,  -31,  -65, 
		},
		{
			 212,  223,  205,  224, 
			 195,  271,  259,  312, 
			 176,  194,  244,  308, 
			 236,  310,  267,  322, 
			 200,  274,  270,  306, 
			 210,  164,  240,  226, 
			 160,  148,  122,  183, 
			 125,  154,  147,  108, 
		},
		{
			  57,   49,   70,   51, 
			  57,   55,   39,   34, 
			  54,   45,   44,   48, 
			  54,   48,   59,   45, 
			  43,   47,   54,   45, 
			  35,   42,   32,   39, 
			  44,   31,   40,   40, 
			  22,   52,   45,   42, 
		},
		{
			  33,   31,   67,   63, 
			  59,   55,   59,   52, 
			  72,   50,   63,   55, 
			  68,   85,   85,   85, 
			  52,   71,   89,   91, 
			  40,   57,   76,   92, 
			  23,   32,   48,   75, 
			  33,   52,   22,   55, 
		},
		{
			 -71,  -32,   21,   -6, 
			  -9,   25,   -2,   41, 
			 -13,    6,   62,   50, 
			  16,   60,   86,   95, 
			  16,   49,   86,   96, 
			   3,   29,   46,   71, 
			 -27,   11,   22,   41, 
			 -38,  -56,   12,   17, 
		},
		{
			   0,    0,    0,    0, 
			 380,  341,  283,  255, 
			 180,  186,  127,  110, 
			  46,   34,   14,   -6, 
			   6,    7,  -16,  -23, 
			 -11,    1,  -16,   -3, 
			   1,    7,    5,   16, 
			   0,    0,    0,    0, 
		},
	},
}
Iteration: 12
Error: 0.0622797
{
	{ 0, 41, 18, 16, 5, 0 },
	{ 0, 2003, 859, 623, 633, 147 },
	{ 0, 1585, 978, 508, 493, 196 },
	{
		{
			  10,  145,   38,   -6, 
			 -41,   18,   44,   91, 
			   0,  133,  146,   51, 
			 -85,  -27,  -41,  -92, 
			-164,  -92, -132, -192, 
			 -69,  -54, -119, -153, 
			  32,    9,  -79, -149, 
			  35,   62,  -55,   -1, 
		},
		{
			  -6,   42,  112,  110, 
			 -14,  -64,   45,  -17, 
			  42,   49,   37,   32, 
			 -10,  -47,    2,  -24, 
			 -12,  -19,  -18,  -24, 
			 -23,   18,  -11,  -13, 
			 -54,  -11,   36,   -1, 
			 -14,  -39,  -31,   15, 
		},
		{
			 100,  123,   69,  172, 
			  84,   99,  181,  190, 
			  16,   94,   92,   81, 
			 -21,    6,   48,   65, 
			 -41,  -10,  -14,   21, 
			 -63,  -15,  -10,   -6, 
			 -90,   -9,  -10,   -2, 
			 -24,  -26,   12,   42, 
		},
		{
			  31,   69,  -82,   -7, 
			 -11,  101,  102,   89, 
			  49,  146,  163,  151, 
			  63,   70,  124,  156, 
			  56,   83,   88,  118, 
			  73,   96,  104,   91, 
			  75,  109,   97,   69, 
			  -4,   41,   40,   29, 
		},
		{
			-302, -136, -129,   22, 
			-110,  -28,  155,   59, 
			   4,  153,  126,  167, 
			  29,   39,   84,   86, 
			 -18,   32,   40,   41, 
			 -28,   20,   35,   34, 
			 -42,  -67,    0,    5, 
			-120,  -27,  -67,  -51, 
		},
		{
			   0,    0,    0,    0, 
			  81,  180,  195,  232, 
			 -21,   29,   96,  108, 
			 -30,   32,   22,   50, 
			 -45,    6,   -3,   37, 
			 -29,   22,    2,    3, 
			 -49,   29,    3,  -31, 
			   0,    0,    0,    0, 
		},
	},
	{
		{
			 -76,  -56,  -18,  -40, 
			   6,   26,   34,    4, 
			  10,   39,   37,   15, 
			  -1,   41,   53,   56, 
			 -15,   16,   54,   73, 
			 -21,    8,   39,   57, 
			 -52,  -19,   17,   38, 
			-116,  -71,  -31,  -65, 
		},
		{
			 212,  223,  205,  224, 
			 195,  271,  264,  317, 
			 176,  194,  248,  313, 
			 236,  309,  267,  322, 
			 196,  274,  266,  306, 
			 210,  163,  239,  230, 
			 165,  148,  121,  183, 
			 125,  159,  151,  108, 
		},
		{
			  57,   47,   70,   51, 
			  57,   55,   39,   34, 
			  54,   45,   44,   48, 
			  54,   48,   59,   45, 
			  43,   46,   54,   45, 
			  35,   42,   32,   39, 
			  44,   32,   40,   40, 
			  22,   52,   45,   42, 
		},
		{
			  33,   31,   67,   62, 
			  60,   55,   60,   52, 
			  72,   50,   63,   57, 
			  68,   85,   85,   85, 
			  56,   71,   89,   94, 
			  45,   57,   76,   92, 
			  23,   32,   48,   76, 
			  33,   52,   22,   55, 
		},
		{
			 -72,  -32,   21,   -7, 
			  -9,   25,   -3,   41, 
			 -13,    6,   62,   50, 
			  15,   60,   86,   95, 
			  16,   49,   86,   96, 
			   3,   29,   46,   71, 
			 -28,   11,   23,   41, 
			 -39,  -56,   11,   17, 
		},
		{
			   0,    0,    0,    0, 
			 380,  341,  283,  255, 
			 180,  188,  127,  110, 
			  46,   34,   14,   -6, 
			   6,    7,  -16,  -23, 
			 -11,    1,  -16,   -3, 
			   1,    7,    5,   16, 
			   0,    0,    0,    0, 
		},
	},
}
Iteration: 13
Error: 0.0622708
{
	{ 0, 41, 18, 16, 5, 0 },
	{ 0, 2003, 868, 628, 638, 147 },
	{ 0, 1601, 982, 508, 493, 196 },
	{
		{
			   8,  140,   38,  -12, 
			 -41,   18,   39,   96, 
			   0,  133,  146,   51, 
			 -85,  -27,  -47,  -87, 
			-159,  -98, -132, -202, 
			 -69,  -54, -119, -158, 
			  32,    9,  -79, -149, 
			  35,   62,  -55,   -1, 
		},
		{
			  -6,   42,  112,  109, 
			 -11,  -64,   45,  -21, 
			  43,   49,   37,   27, 
			 -10,  -47,    2,  -24, 
			 -12,  -19,  -18,  -24, 
			 -23,   18,  -11,  -13, 
			 -54,  -11,   36,   -1, 
			 -14,  -39,  -31,   15, 
		},
		{
			 101,  123,   69,  172, 
			  85,   99,  181,  190, 
			  16,   94,   91,   81, 
			 -22,    6,   48,   65, 
			 -41,   -5,   -9,   21, 
			 -63,  -15,  -10,   -6, 
			 -90,   -9,  -10,   -2, 
			 -24,  -26,   12,   42, 
		},
		{
			  26,   74,  -82,   -8, 
			 -11,  105,  102,   89, 
			  49,  146,  163,  151, 
			  63,   70,  124,  156, 
			  56,   83,   88,  118, 
			  73,   96,  104,   91, 
			  75,  111,   97,   69, 
			  -4,   41,   41,   29, 
		},
		{
			-312, -141, -129,   28, 
			-110,  -28,  149,   59, 
			   3,  158,  126,  167, 
			  29,   39,   84,   86, 
			 -18,   32,   40,   41, 
			 -28,   20,   35,   34, 
			 -42,  -67,    0,    5, 
			-121,  -27,  -67,  -51, 
		},
		{
			   0,    0,    0,    0, 
			  81,  180,  195,  231, 
			 -21,   29,   96,  108, 
			 -30,   32,   22,   50, 
			 -45,    6,   -3,   37, 
			 -32,   22,    3,    3, 
			 -52,   29,    3,  -31, 
			   0,    0,    0,    0, 
		},
	},
	{
		{
			 -76,  -56,  -18,  -39, 
			   6,   26,   34,    4, 
			  11,   39,   35,   15, 
			  -1,   44,   56,   55, 
			 -15,   16,   55,   73, 
			 -20,    8,   39,   58, 
			 -52,  -19,   17,   38, 
			-121,  -71,  -32,  -65, 
		},
		{
			 212,  224,  205,  229, 
			 195,  271,  264,  321, 
			 181,  199,  253,  318, 
			 236,  304,  267,  327, 
			 201,  280,  266,  306, 
			 209,  163,  239,  230, 
			 159,  148,  120,  183, 
			 120,  154,  151,  113, 
		},
		{
			  56,   47,   71,   51, 
			  57,   55,   38,   34, 
			  54,   44,   44,   48, 
			  54,   47,   59,   44, 
			  43,   46,   54,   45, 
			  35,   42,   33,   39, 
			  44,   32,   40,   41, 
			  22,   52,   45,   42, 
		},
		{
			  33,   31,   67,   62, 
			  60,   55,   60,   54, 
			  72,   50,   63,   58, 
			  68,   85,   85,   85, 
			  56,   71,   89,   94, 
			  45,   58,   76,   92, 
			  23,   32,   48,   76, 
			  37,   53,   22,   55, 
		},
		{
			 -72,  -31,   22,   -6, 
			  -9,   25,   -3,   41, 
			 -12,    6,   62,   50, 
			  16,   60,   86,   95, 
			  17,   53,   86,   96, 
			   3,   29,   46,   75, 
			 -29,   15,   23,   41, 
			 -39,  -56,   10,   17, 
		},
		{
			   0,    0,    0,    0, 
			 380,  347,  288,  255, 
			 180,  188,  127,  110, 
			  46,   34,   14,   -6, 
			   6,    7,  -16,  -23, 
			 -11,    1,  -16,   -3, 
			   1,    7,    5,   16, 
			   0,    0,    0,    0, 
		},
	},
}
Iteration: 14
Error: 0.0622642
{
	{ 0, 41, 18, 16, 5, 0 },
	{ 0, 2003, 868, 635, 645, 147 },
	{ 0, 1612, 986, 508, 493, 196 },
	{
		{
			  -2,  145,   39,  -13, 
			 -47,   18,   49,  101, 
			  -5,  133,  151,   50, 
			 -95,  -27,  -47,  -88, 
			-165,  -99, -142, -206, 
			 -78,  -54, -119, -163, 
			  32,    9,  -79, -149, 
			  35,   62,  -55,   -1, 
		},
		{
			  -6,   43,  117,  109, 
			 -11,  -64,   45,  -21, 
			  43,   49,   37,   27, 
			 -10,  -47,    3,  -24, 
			 -12,  -19,  -18,  -24, 
			 -23,   18,  -11,  -13, 
			 -54,  -10,   36,   -1, 
			 -14,  -39,  -31,   15, 
		},
		{
			 105,  123,   69,  172, 
			  85,   99,  191,  190, 
			  16,   94,   91,   81, 
			 -22,    6,   48,   65, 
			 -41,   -6,  -10,   21, 
			 -63,  -15,  -10,   -6, 
			 -90,   -9,  -10,   -2, 
			 -24,  -26,   12,   42, 
		},
		{
			  26,   68,  -72,  -10, 
			 -11,  105,  102,   89, 
			  49,  146,  163,  145, 
			  63,   72,  129,  156, 
			  56,   83,   88,  118, 
			  73,   96,  104,   92, 
			  74,  111,   97,   69, 
			  -4,   42,   41,   29, 
		},
		{
			-312, -136, -134,   28, 
			-110,  -28,  149,   59, 
			  -2,  157,  126,  167, 
			  29,   39,   84,   86, 
			 -18,   32,   40,   41, 
			 -28,   20,   35,   34, 
			 -42,  -67,    0,    5, 
			-121,  -27,  -72,  -51, 
		},
		{
			   0,    0,    0,    0, 
			  84,  180,  195,  231, 
			 -21,   29,   96,  108, 
			 -33,   32,   22,   50, 
			 -45,    6,   -3,   37, 
			 -32,   22,    3,    3, 
			 -52,   29,    3,  -31, 
			   0,    0,    0,    0, 
		},
	},
	{
		{
			 -79,  -56,  -18,  -39, 
			   6,   26,   33,    4, 
			  11,   38,   36,   14, 
			  -1,   44,   56,   55, 
			 -15,   16,   55,   73, 
			 -19,    8,   39,   58, 
			 -52,  -19,   17,   38, 
			-121,  -71,  -32,  -65, 
		},
		{
			 212,  224,  204,  224, 
			 196,  272,  264,  321, 
			 181,  199,  253,  318, 
			 231,  309,  271,  327, 
			 201,  274,  266,  306, 
			 209,  163,  239,  230, 
			 159,  148,  120,  183, 
			 125,  154,  151,  113, 
		},
		{
			  55,   47,   71,   51, 
			  57,   55,   33,   34, 
			  52,   44,   44,   49, 
			  54,   47,   59,   45, 
			  44,   46,   54,   45, 
			  35,   42,   33,   39, 
			  44,   32,   40,   41, 
			  22,   52,   45,   42, 
		},
		{
			  33,   31,   68,   62, 
			  60,   55,   60,   54, 
			  72,   51,   63,   58, 
			  68,   85,   85,   86, 
			  56,   71,   89,   94, 
			  45,   58,   76,   92, 
			  22,   32,   48,   76, 
			  36,   53,   22,   55, 
		},
		{
			 -72,  -32,   22,   -6, 
			  -8,   25,   -3,   41, 
			 -12,    6,   62,   55, 
			  16,   60,   86,  100, 
			  17,   53,   86,   96, 
			   3,   29,   46,   75, 
			 -29,   15,   24,   41, 
			 -34,  -56,   11,   17, 
		},
		{
			   0,    0,    0,    0, 
			 380,  347,  288,  255, 
			 184,  188,  127,  110, 
			  46,   34,   14,   -6, 
			   6,    7,  -16,  -23, 
			 -11,    1,  -16,   -3, 
			   1,    7,    5,   16, 
			   0,    0,    0,    0, 
		},
	},
}
Iteration: 15
Error: 0.0622595
{
	{ 0, 41, 18, 16, 5, 0 },
	{ 0, 1998, 872, 640, 650, 147 },
	{ 0, 1623, 986, 508, 493, 197 },
	{
		{
			   8,  145,   50,  -24, 
			 -47,   18,   49,  101, 
			  -4,  133,  146,   45, 
			 -95,  -27,  -53,  -88, 
			-165,  -99, -142, -206, 
			 -79,  -53, -118, -163, 
			  32,    8,  -85, -149, 
			  34,   62,  -55,   -1, 
		},
		{
			  -1,   39,  117,  109, 
			 -10,  -65,   40,  -27, 
			  41,   48,   38,   28, 
			 -10,  -49,    3,  -24, 
			 -12,  -18,  -18,  -24, 
			 -22,   17,  -11,  -13, 
			 -53,  -10,   36,   -1, 
			 -15,  -39,  -33,   15, 
		},
		{
			 106,  123,   68,  182, 
			  85,   99,  201,  195, 
			  16,   99,   97,   80, 
			 -22,    6,   48,   65, 
			 -41,   -6,  -10,   20, 
			 -63,  -15,  -10,   -6, 
			 -90,   -9,  -10,   -2, 
			 -24,  -26,   12,   42, 
		},
		{
			  37,   63,  -72,   -8, 
			 -13,  105,  102,   88, 
			  49,  146,  163,  145, 
			  63,   72,  127,  157, 
			  57,   83,   88,  118, 
			  73,   96,  104,   92, 
			  78,  111,   97,   69, 
			  -4,   42,   41,   29, 
		},
		{
			-307, -141, -134,   28, 
			-110,  -26,  149,   55, 
			  -2,  157,  121,  167, 
			  29,   40,   84,   86, 
			 -18,   32,   40,   41, 
			 -28,   20,   35,   34, 
			 -42,  -68,    0,    5, 
			-121,  -27,  -72,  -51, 
		},
		{
			   0,    0,    0,    0, 
			  84,  180,  194,  231, 
			 -21,   29,   96,  108, 
			 -33,   32,   22,   50, 
			 -45,    6,   -3,   37, 
			 -32,   22,    3,    3, 
			 -52,   29,    3,  -31, 
			   0,    0,    0,    0, 
		},
	},
	{
		{
			 -80,  -57,  -18,  -38, 
			   6,   26,   34,    3, 
			  11,   38,   36,   14, 
			  -1,   44,   57,   55, 
			 -14,   16,   55,   73, 
			 -19,    8,   39,   58, 
			 -52,  -19,   17,   38, 
			-121,  -71,  -32,  -65, 
		},
		{
			 207,  224,  204,  225, 
			 196,  272,  264,  325, 
			 181,  199,  253,  318, 
			 236,  309,  266,  327, 
			 201,  274,  266,  306, 
			 209,  163,  241,  230, 
			 159,  148,  120,  183, 
			 125,  154,  151,  113, 
		},
		{
			  55,   47,   71,   48, 
			  57,   55,   33,   33, 
			  52,   44,   44,   49, 
			  54,   47,   59,   45, 
			  43,   46,   54,   45, 
			  35,   42,   33,   39, 
			  44,   32,   40,   41, 
			  22,   52,   45,   42, 
		},
		{
			  33,   31,   68,   62, 
			  60,   55,   60,   54, 
			  72,   51,   63,   58, 
			  68,   85,   85,   86, 
			  56,   71,   89,   94, 
			  45,   58,   76,   92, 
			  22,   32,   48,   76, 
			  36,   53,   22,   55, 
		},
		{
			 -72,  -32,   22,   -6, 
			  -8,   25,   -3,   41, 
			 -12,    7,   62,   55, 
			  16,   63,   86,  100, 
			  17,   53,   86,   96, 
			   3,   29,   46,   75, 
			 -29,   15,   24,   41, 
			 -34,  -56,   11,   17, 
		},
		{
			   0,    0,    0,    0, 
			 380,  347,  288,  255, 
			 184,  188,  127,  110, 
			  46,   34,   14,   -6, 
			   6,    7,  -16,  -23, 
			 -11,    1,  -16,   -3, 
			   1,    7,    5,   16, 
			   0,    0,    0,    0, 
		},
	},
}
Iteration: 16
Error: 0.062256
{
	{ 0, 41, 18, 16, 5, 0 },
	{ 0, 1998, 877, 645, 655, 147 },
	{ 0, 1632, 986, 508, 493, 197 },
	{
		{
			   8,  152,   50,  -27, 
			 -47,   10,   49,  101, 
			  -4,  132,  142,   44, 
			 -95,  -27,  -53,  -88, 
			-171, -104, -142, -206, 
			 -79,  -53, -118, -163, 
			  32,    8,  -85, -149, 
			  34,   62,  -55,   -1, 
		},
		{
			  -1,   39,  111,  109, 
			  -8,  -67,   40,  -27, 
			  41,   48,   38,   28, 
			 -10,  -49,    3,  -24, 
			 -12,  -19,  -18,  -24, 
			 -23,   17,  -11,  -13, 
			 -53,  -10,   36,   -1, 
			 -10,  -39,  -33,   15, 
		},
		{
			 106,  123,   68,  182, 
			  85,   99,  201,  195, 
			  16,   99,   97,   80, 
			 -22,    6,   48,   65, 
			 -41,   -6,  -10,   20, 
			 -63,  -15,  -10,   -6, 
			 -90,   -9,  -10,    3, 
			 -24,  -26,   12,   42, 
		},
		{
			  37,   63,  -72,   -8, 
			 -13,  105,  102,   87, 
			  49,  146,  163,  145, 
			  63,   72,  127,  157, 
			  57,   83,   88,  118, 
			  73,   96,  104,   92, 
			  77,  111,   97,   69, 
			  -4,   41,   41,   29, 
		},
		{
			-307, -146, -139,   17, 
			-109,  -27,  149,   55, 
			  -2,  157,  121,  167, 
			  29,   40,   84,   86, 
			 -18,   32,   40,   41, 
			 -28,   20,   35,   34, 
			 -42,  -68,    0,    5, 
			-121,  -27,  -72,  -51, 
		},
		{
			   0,    0,    0,    0, 
			  84,  185,  184,  231, 
			 -31,   29,   96,  108, 
			 -33,   32,   22,   50, 
			 -45,    6,   -3,   37, 
			 -32,   22,    3,    3, 
			 -52,   29,    3,  -31, 
			   0,    0,    0,    0, 
		},
	},
	{
		{
			 -81,  -57,  -18,  -38, 
			   6,   26,   34,    3, 
			  11,   38,   36,   14, 
			  -1,   44,   57,   55, 
			 -12,   17,   55,   73, 
			 -19,    8,   39,   58, 
			 -52,  -19,   17,   38, 
			-121,  -71,  -32,  -65, 
		},
		{
			 207,  224,  208,  225, 
			 191,  272,  270,  325, 
			 181,  199,  253,  318, 
			 236,  309,  266,  322, 
			 201,  274,  266,  306, 
			 209,  163,  241,  230, 
			 159,  148,  120,  183, 
			 121,  154,  151,  113, 
		},
		{
			  55,   47,   71,   48, 
			  57,   55,   33,   33, 
			  52,   44,   44,   49, 
			  54,   47,   59,   45, 
			  43,   46,   54,   45, 
			  35,   42,   33,   39, 
			  44,   32,   40,   41, 
			  22,   52,   45,   42, 
		},
		{
			  33,   31,   68,   62, 
			  60,   55,   60,   54, 
			  72,   51,   63,   58, 
			  68,   85,   85,   86, 
			  56,   71,   89,   94, 
			  45,   58,   76,   92, 
			  22,   32,   48,   76, 
			  36,   53,   22,   55, 
		},
		{
			 -72,  -32,   22,   -6, 
			  -8,   25,   -3,   41, 
			 -12,    7,   62,   55, 
			  16,   63,   88,  100, 
			  17,   53,   86,   96, 
			   3,   29,   46,   75, 
			 -29,   15,   24,   41, 
			 -34,  -56,   11,   17, 
		},
		{
			   0,    0,    0,    0, 
			 380,  347,  288,  255, 
			 184,  188,  127,  110, 
			  46,   34,   14,   -6, 
			   6,    7,  -16,  -23, 
			 -11,    1,  -16,   -3, 
			   1,    7,    5,   16, 
			   0,    0,    0,    0, 
		},
	},
}
