Iteration: 0
Error: 0.115959
{
	{ 0, 9, 7, 1, 0, 0 },
	{ 0, 905, 495, 335, 315, 105 },
	{ 0, 905, 505, 325, 315, 105 },
	{
		{
			 -25,  -35,  -45,  -45, 
			 -35,  -35,  -35,  -45, 
			 -25,  -35,  -35,  -49, 
			 -35,  -35,  -45,  -45, 
			 -15,  -29,  -25,  -40, 
			 -15,  -15,  -15,  -25, 
			  25,   25,    5,   -5, 
			  15,   35,    5,   -5, 
		},
		{
			 -15,   -5,   -5,   -4, 
			  -5,    5,    5,    5, 
			  -5,    5,   10,   10, 
			 -10,   -5,    5,   10, 
			   5,    5,    0,    0, 
			  -5,    4,   10,    0, 
			 -15,   -5,   10,   -1, 
			 -25,  -15,  -15,  -10, 
		},
		{
			   5,    5,    5,    5, 
			  10,   11,   15,   15, 
			   0,    5,    5,    5, 
			   0,    5,    5,    5, 
			  -5,    5,    5,    5, 
			   0,    5,    5,    5, 
			 -10,   -5,   -5,   -5, 
			  -5,    1,    5,    0, 
		},
		{
			 -15,  -15,  -15,   -5, 
			 -15,   -5,   -5,    1, 
			  -5,    5,    0,   15, 
			 -15,    6,   10,   15, 
			 -15,    5,   10,   15, 
			 -15,   15,   15,    9, 
			 -15,    4,    5,   -5, 
			 -25,   -5,  -15,  -15, 
		},
		{
			 -55,  -35,  -25,  -35, 
			 -35,  -19,   -5,   -5, 
			 -25,   -5,    5,   16, 
			 -25,    6,   20,   15, 
			 -25,    5,   20,   15, 
			 -35,   10,    5,   16, 
			 -35,  -25,   -5,    6, 
			 -45,  -35,  -25,  -35, 
		},
		{
			   0,    0,    0,    0, 
			  55,   55,   55,   55, 
			  15,   15,   25,   35, 
			  10,    6,    5,   20, 
			  -5,   -5,   -5,   21, 
			  10,    0,   -5,    5, 
			   0,   15,    5,  -15, 
			   0,    0,    0,    0, 
		},
	},
	{
		{
			 -55,  -35,  -25,  -15, 
			 -29,  -15,   -5,    5, 
			 -25,   -5,   25,   25, 
			 -25,   -5,   25,   35, 
			 -25,   -5,   35,   45, 
			 -35,  -11,   15,   25, 
			 -25,  -25,    5,   -5, 
			 -55,  -35,  -35,  -35, 
		},
		{
			 -15,   -5,   -5,    0, 
			  -5,    5,    5,    5, 
			 -15,    5,   10,   10, 
			   0,    5,   10,   10, 
			  -5,    0,   10,   10, 
			  -5,    0,   10,    5, 
			  -9,    0,    0,    5, 
			 -25,  -15,  -15,  -10, 
		},
		{
			   5,    5,    5,    5, 
			  10,   15,   15,   15, 
			   0,    5,    5,    5, 
			   0,    5,    5,    5, 
			 -10,    5,    1,    1, 
			   0,    5,   -5,    5, 
			 -10,   -5,   -5,   -5, 
			  -5,   -5,    0,    0, 
		},
		{
			 -19,  -10,   -5,   -5, 
			  -5,   -5,   -5,    5, 
			  -5,   -5,    0,   15, 
			 -15,    0,   10,   15, 
			 -15,    5,   15,   15, 
			  -9,   15,    5,    5, 
			 -15,    0,   -5,    5, 
			 -15,  -15,  -15,  -15, 
		},
		{
			 -55,  -35,  -25,  -35, 
			 -45,  -20,   -5,    5, 
			 -25,   -5,   15,   10, 
			 -29,    0,   10,   15, 
			 -25,   -5,   10,   15, 
			 -35,    0,    5,   10, 
			 -45,  -25,   -5,    0, 
			 -55,  -45,  -35,  -35, 
		},
		{
			   0,    0,    0,    0, 
			  55,   55,   55,   55, 
			  15,   15,   25,   35, 
			  10,    4,   15,   20, 
			   5,    5,    5,   20, 
			   6,    0,  -15,    5, 
			  10,   15,    5,  -25, 
			   0,    0,    0,    0, 
		},
	},
}
Iteration: 1
Error: 0.114727
{
	{ 0, 14, 6, 0, 0, 0 },
	{ 0, 910, 490, 330, 310, 100 },
	{ 0, 910, 510, 320, 310, 110 },
	{
		{
			 -20,  -30,  -50,  -40, 
			 -40,  -30,  -30,  -40, 
			 -20,  -30,  -30,  -48, 
			 -40,  -30,  -50,  -50, 
			 -10,  -34,  -20,  -45, 
			 -20,  -10,  -10,  -30, 
			  30,   30,   10,  -10, 
			  10,   40,    0,   -5, 
		},
		{
			 -10,    0,    0,   -9, 
			   0,    6,   10,   10, 
			   0,   10,   15,   15, 
			 -15,  -10,    0,   15, 
			  10,    6,    1,    5, 
			   0,    3,    9,    1, 
			 -20,  -10,   15,   -2, 
			 -30,  -20,  -20,  -11, 
		},
		{
			  10,   10,   10,   10, 
			  15,    6,   20,   20, 
			   5,   10,   10,   10, 
			   5,    6,   10,   10, 
			   0,    6,   10,    0, 
			   5,   10,   10,   10, 
			 -15,  -10,  -10,  -10, 
			 -10,    0,   10,   -5, 
		},
		{
			 -10,  -20,  -20,    0, 
			 -20,  -10,  -10,    2, 
			   0,   10,   -5,   20, 
			 -20,    1,   15,   10, 
			 -20,    0,    5,   20, 
			 -20,   20,   20,   10, 
			 -20,    3,   10,  -10, 
			 -30,    0,  -20,  -20, 
		},
		{
			 -60,  -30,  -20,  -40, 
			 -30,  -24,  -10,  -10, 
			 -20,  -10,    0,   17, 
			 -20,    1,   25,   10, 
			 -20,   10,   25,   10, 
			 -40,   15,    0,   21, 
			 -30,  -30,  -10,    1, 
			 -40,  -30,  -20,  -40, 
		},
		{
			   0,    0,    0,    0, 
			  60,   60,   60,   60, 
			  15,   16,   30,   40, 
			  15,    6,    0,   15, 
			 -10,  -10,   -4,   22, 
			   9,    5,   -6,    4, 
			  -5,   20,    0,  -14, 
			   0,    0,    0,    0, 
		},
	},
	{
		{
			 -60,  -30,  -20,  -10, 
			 -34,  -10,    0,   10, 
			 -20,    0,   30,   20, 
			 -20,    0,   20,   30, 
			 -20,    0,   35,   40, 
			 -40,  -11,   10,   20, 
			 -24,  -24,    0,  -10, 
			 -60,  -40,  -36,  -30, 
		},
		{
			 -10,    0,    0,    5, 
			   0,   10,   10,   10, 
			 -15,   10,   15,   15, 
			   5,   10,   15,   15, 
			 -10,    0,   15,   15, 
			   0,    5,   15,    0, 
			 -14,    5,   -5,   10, 
			 -30,  -20,  -20,  -15, 
		},
		{
			  10,   10,   10,   10, 
			  15,   15,   20,   20, 
			   5,   10,   10,   10, 
			   5,    5,   10,   10, 
			 -15,   10,   -4,    6, 
			   5,   10,  -10,   10, 
			 -15,  -10,  -10,  -10, 
			 -10,  -10,   -5,   -5, 
		},
		{
			 -18,   -5,    0,    0, 
			   0,  -10,  -10,   10, 
			   0,    0,   -5,   20, 
			 -20,   -5,   15,   16, 
			 -20,   10,   15,   20, 
			 -14,   16,    0,    5, 
			 -20,   -5,   -5,   10, 
			 -10,  -20,  -20,  -20, 
		},
		{
			 -60,  -30,  -20,  -40, 
			 -50,  -20,  -10,   10, 
			 -20,  -10,   20,    5, 
			 -34,   -1,    5,   10, 
			 -20,  -10,    5,   20, 
			 -40,   -5,    0,    5, 
			 -50,  -30,  -10,   -5, 
			 -60,  -50,  -40,  -40, 
		},
		{
			   0,    0,    0,    0, 
			  60,   60,   60,   60, 
			  20,   20,   30,   40, 
			  15,    4,   20,   15, 
			   5,   10,    6,   19, 
			   7,    5,  -10,   10, 
			  15,   10,    0,  -30, 
			   0,    0,    0,    0, 
		},
	},
}
Iteration: 2
Error: 0.113802
{
	{ 0, 19, 5, 0, 0, 0 },
	{ 0, 915, 485, 325, 305, 95 },
	{ 0, 915, 515, 321, 305, 115 },
	{
		{
			 -15,  -25,  -55,  -35, 
			 -45,  -35,  -25,  -45, 
			 -25,  -25,  -25,  -47, 
			 -45,  -25,  -55,  -55, 
			  -5,  -39,  -15,  -50, 
			 -25,   -5,   -5,  -35, 
			  35,   35,    5,  -15, 
			  15,   45,   -5,    0, 
		},
		{
			  -5,    5,    5,  -14, 
			   5,    7,   15,   15, 
			  -5,   15,   20,   20, 
			 -20,  -15,    1,   20, 
			  15,    7,    0,   10, 
			   5,    2,    9,    6, 
			 -25,  -15,   10,   -2, 
			 -35,  -25,  -25,  -12, 
		},
		{
			  15,   15,   15,   15, 
			  10,    7,   25,   15, 
			   6,   15,   15,   15, 
			   0,    1,   15,   15, 
			   5,    1,   15,   -5, 
			  10,    5,   15,    5, 
			 -20,  -15,  -15,  -15, 
			 -15,   -1,   10,   -6, 
		},
		{
			  -5,  -25,  -25,   -5, 
			 -25,  -15,  -15,   -3, 
			   5,   15,  -10,   25, 
			 -25,   -4,   20,    5, 
			 -20,   -5,    4,   25, 
			 -25,   20,   19,    9, 
			 -25,    4,   15,  -15, 
			 -35,    5,  -25,  -25, 
		},
		{
			 -65,  -25,  -15,  -45, 
			 -25,  -29,  -15,  -15, 
			 -15,  -15,   -5,   18, 
			 -15,   -4,   30,    5, 
			 -15,   15,   30,    5, 
			 -45,   20,   -5,   26, 
			 -25,  -25,  -15,    0, 
			 -40,  -35,  -15,  -45, 
		},
		{
			   0,    0,    0,    0, 
			  65,   65,   65,   65, 
			  10,   11,   35,   40, 
			  20,   11,   -5,   10, 
			  -9,   -9,   -9,   22, 
			   4,    4,   -6,   -1, 
			 -10,   25,   -1,  -15, 
			   0,    0,    0,    0, 
		},
	},
	{
		{
			 -59,  -25,  -15,   -5, 
			 -39,   -5,    5,   15, 
			 -15,    5,   35,   15, 
			 -15,    5,   15,   29, 
			 -15,    5,   30,   35, 
			 -39,  -16,    5,   15, 
			 -24,  -24,    0,  -15, 
			 -65,  -39,  -31,  -30, 
		},
		{
			  -5,    5,    5,   10, 
			   5,   15,   15,   15, 
			 -10,   15,   20,   20, 
			  10,   15,   20,   20, 
			 -15,    5,   20,   20, 
			  -5,   10,   20,   -1, 
			  -9,   10,   -4,   15, 
			 -35,  -25,  -25,  -20, 
		},
		{
			  15,   15,   15,   15, 
			  20,   16,   25,   25, 
			  10,   15,   15,   15, 
			  10,    6,   15,   15, 
			 -20,   15,   -9,   11, 
			  10,   15,  -11,   15, 
			 -14,  -15,  -15,  -15, 
			 -15,  -15,   -4,  -10, 
		},
		{
			 -19,   -6,    5,    5, 
			   5,  -15,  -15,   15, 
			   5,    1,    0,   25, 
			 -25,  -10,   20,   16, 
			 -25,   15,   15,   25, 
			 -19,   11,    1,    5, 
			 -25,  -10,   -4,   15, 
			  -5,  -25,  -25,  -15, 
		},
		{
			 -65,  -25,  -15,  -45, 
			 -55,  -15,  -15,   11, 
			 -15,  -15,   25,    0, 
			 -29,   -1,    0,    5, 
			 -15,   -5,    0,   20, 
			 -45,  -10,   -5,    0, 
			 -55,  -35,  -15,  -10, 
			 -65,  -55,  -45,  -45, 
		},
		{
			   0,    0,    0,    0, 
			  65,   65,   65,   65, 
			  25,   25,   35,   45, 
			  10,    3,   25,   10, 
			   4,   15,    1,   14, 
			  12,   10,  -11,   15, 
			  15,    5,    1,  -35, 
			   0,    0,    0,    0, 
		},
	},
}
Iteration: 3
Error: 0.113119
{
	{ 0, 24, 5, 0, 0, 0 },
	{ 0, 920, 480, 320, 300, 90 },
	{ 0, 920, 520, 316, 300, 120 },
	{
		{
			 -10,  -20,  -60,  -30, 
			 -50,  -40,  -20,  -44, 
			 -24,  -20,  -20,  -47, 
			 -50,  -26,  -60,  -60, 
			   0,  -44,  -10,  -55, 
			 -30,    0,    0,  -34, 
			  40,   40,    5,  -20, 
			  20,   50,  -10,    5, 
		},
		{
			   0,   10,   10,  -13, 
			  10,   12,   16,   20, 
			  -6,   20,   25,   25, 
			 -19,  -20,    2,   25, 
			  20,    6,    0,   11, 
			  10,    2,    8,    5, 
			 -30,  -20,   11,   -3, 
			 -40,  -30,  -30,  -12, 
		},
		{
			  20,   20,   20,   20, 
			   5,   12,   30,   10, 
			   1,   20,   20,   20, 
			  -5,    1,   20,   20, 
			  10,   -4,   20,  -10, 
			  15,    5,   20,    0, 
			 -25,  -20,  -20,  -20, 
			 -20,   -2,    5,  -11, 
		},
		{
			   0,  -30,  -30,  -10, 
			 -30,  -20,  -20,   -8, 
			  10,   20,  -15,   30, 
			 -30,   -5,   25,    5, 
			 -20,  -10,   -1,   20, 
			 -24,   19,   14,    4, 
			 -30,    4,   20,  -20, 
			 -40,   10,  -26,  -30, 
		},
		{
			 -70,  -20,  -10,  -50, 
			 -20,  -34,  -20,  -20, 
			 -10,  -20,  -10,   13, 
			 -10,   -9,   35,    0, 
			 -10,   20,   25,    0, 
			 -50,   25,  -10,   25, 
			 -20,  -20,  -20,   -5, 
			 -45,  -36,  -10,  -50, 
		},
		{
			   0,    0,    0,    0, 
			  70,   70,   70,   70, 
			   5,    6,   40,   35, 
			  25,   12,  -10,    9, 
			 -10,   -4,   -8,   22, 
			  -1,    9,   -6,   -2, 
			 -15,   30,   -1,  -15, 
			   0,    0,    0,    0, 
		},
	},
	{
		{
			 -64,  -20,  -15,    0, 
			 -44,    0,   10,   20, 
			 -10,   10,   40,   14, 
			 -10,    5,   14,   24, 
			 -10,    0,   25,   30, 
			 -44,  -16,    5,   10, 
			 -23,  -25,    1,  -20, 
			 -64,  -39,  -26,  -31, 
		},
		{
			   0,   10,   10,   15, 
			  10,   20,   20,   20, 
			  -5,   20,   25,   25, 
			  15,   20,   25,   25, 
			 -14,   10,   25,   25, 
			  -4,   15,   25,    4, 
			  -4,   10,   -9,   20, 
			 -40,  -30,  -30,  -25, 
		},
		{
			  20,   20,   20,   20, 
			  25,   15,   30,   30, 
			  15,   20,   20,   20, 
			  15,    7,   20,   20, 
			 -20,   15,  -14,   16, 
			  15,   20,  -11,   20, 
			  -9,  -20,  -20,  -16, 
			 -20,  -20,   -5,   -9, 
		},
		{
			 -20,   -7,   10,   10, 
			  10,  -20,  -15,   16, 
			  10,    1,    1,   30, 
			 -30,  -15,   20,   21, 
			 -30,   20,   10,   30, 
			 -19,   16,    6,   10, 
			 -30,  -15,    1,   20, 
			   0,  -30,  -30,  -10, 
		},
		{
			 -70,  -20,  -10,  -50, 
			 -60,  -14,  -20,    6, 
			 -10,  -20,   30,   -5, 
			 -24,   -1,   -5,    0, 
			 -10,    0,   -5,   21, 
			 -50,  -15,  -10,   -5, 
			 -60,  -40,  -20,  -15, 
			 -70,  -55,  -50,  -50, 
		},
		{
			   0,    0,    0,    0, 
			  70,   70,   70,   70, 
			  30,   30,   40,   50, 
			  10,    3,   30,    9, 
			   3,   15,    2,   19, 
			  12,   11,  -11,   20, 
			  14,    6,    0,  -30, 
			   0,    0,    0,    0, 
		},
	},
}
Iteration: 4
Error: 0.112612
{
	{ 0, 29, 5, 0, 0, 0 },
	{ 0, 925, 475, 315, 295, 85 },
	{ 0, 925, 519, 315, 295, 125 },
	{
		{
			  -5,  -15,  -65,  -25, 
			 -55,  -45,  -15,  -49, 
			 -29,  -15,  -15,  -52, 
			 -55,  -26,  -65,  -55, 
			   5,  -49,   -5,  -60, 
			 -35,   -5,    5,  -29, 
			  45,   45,    0,  -25, 
			  25,   51,  -15,   10, 
		},
		{
			   5,   15,   15,  -18, 
			  15,   11,   17,   25, 
			  -7,   25,   30,   30, 
			 -19,  -15,    2,   30, 
			  21,    7,    1,   11, 
			  15,    3,    7,    5, 
			 -35,  -20,   11,   -3, 
			 -45,  -35,  -35,  -11, 
		},
		{
			  25,   25,   25,   25, 
			   5,   11,   35,    5, 
			  -4,   25,   25,   25, 
			 -10,    1,   15,   25, 
			  15,   -3,   25,  -15, 
			  20,    0,   25,   -5, 
			 -30,  -25,  -25,  -25, 
			 -25,   -7,    4,  -11, 
		},
		{
			   5,  -35,  -35,  -15, 
			 -35,  -25,  -25,  -13, 
			  15,   15,  -20,   35, 
			 -35,  -10,   30,    0, 
			 -20,  -15,   -2,   15, 
			 -24,   14,   13,    3, 
			 -35,    3,   20,  -25, 
			 -45,   15,  -27,  -35, 
		},
		{
			 -75,  -20,   -5,  -55, 
			 -15,  -39,  -25,  -25, 
			  -5,  -25,  -15,    8, 
			  -5,  -14,   35,   -5, 
			  -5,   20,   24,   -5, 
			 -55,   30,  -15,   25, 
			 -15,  -15,  -25,  -10, 
			 -44,  -41,   -5,  -55, 
		},
		{
			   0,    0,    0,    0, 
			  75,   75,   75,   75, 
			   0,    1,   45,   35, 
			  30,   17,  -15,    9, 
			 -15,   -4,   -8,   21, 
			  -2,   10,   -5,   -3, 
			 -16,   30,   -1,  -16, 
			   0,    0,    0,    0, 
		},
	},
	{
		{
			 -64,  -15,  -15,    5, 
			 -49,    5,   15,   20, 
			  -5,   15,   35,    9, 
			 -15,    0,    9,   24, 
			  -5,    0,   20,   25, 
			 -49,  -17,    0,    5, 
			 -28,  -30,    1,  -19, 
			 -64,  -40,  -31,  -32, 
		},
		{
			   5,   15,   15,   20, 
			  11,   25,   25,   25, 
			   0,   25,   30,   30, 
			  20,   25,   30,   30, 
			 -19,   10,   30,   25, 
			  -3,   20,   30,    5, 
			   1,   15,  -14,   25, 
			 -45,  -35,  -29,  -30, 
		},
		{
			  25,   25,   25,   25, 
			  24,   20,   35,   31, 
			  20,   21,   25,   25, 
			  16,    2,   25,   15, 
			 -19,   15,  -14,   16, 
			  15,   25,  -12,   25, 
			  -9,  -25,  -25,  -15, 
			 -25,  -25,   -5,  -10, 
		},
		{
			 -15,   -8,   15,   15, 
			  15,  -25,  -20,   11, 
			  15,    2,    1,   35, 
			 -30,  -20,   21,   20, 
			 -35,   25,   11,   35, 
			 -24,   16,    7,   10, 
			 -35,  -20,    1,   20, 
			   5,  -35,  -35,  -10, 
		},
		{
			 -75,  -15,   -5,  -55, 
			 -65,  -14,  -25,    1, 
			  -9,  -25,   35,   -4, 
			 -23,   -1,  -10,   -5, 
			  -5,    5,  -10,   22, 
			 -55,  -14,  -15,  -10, 
			 -65,  -45,  -25,  -14, 
			 -75,  -50,  -55,  -55, 
		},
		{
			   0,    0,    0,    0, 
			  75,   75,   75,   75, 
			  35,   35,   45,   55, 
			   9,    2,   25,    8, 
			   3,   16,    2,   19, 
			  11,   11,  -16,   25, 
			   9,    5,   -5,  -25, 
			   0,    0,    0,    0, 
		},
	},
}
Iteration: 5
Error: 0.112231
{
	{ 0, 30, 5, 0, 0, 0 },
	{ 0, 930, 470, 310, 290, 84 },
	{ 0, 930, 520, 314, 290, 130 },
	{
		{
			   0,  -10,  -70,  -20, 
			 -60,  -50,  -10,  -54, 
			 -34,  -10,  -10,  -52, 
			 -60,  -25,  -64,  -60, 
			   0,  -54,    0,  -65, 
			 -40,   -5,    6,  -24, 
			  50,   50,    1,  -30, 
			  30,   51,  -15,   15, 
		},
		{
			  10,   20,   20,  -23, 
			  20,   11,   17,   30, 
			 -12,   30,   35,   31, 
			 -19,  -16,    1,   35, 
			  22,    8,    1,   11, 
			  20,    3,    6,    5, 
			 -40,  -20,   11,   -4, 
			 -50,  -40,  -40,  -11, 
		},
		{
			  26,   30,   30,   30, 
			   5,   10,   40,    0, 
			  -9,   30,   30,   30, 
			 -15,    6,   10,   30, 
			  14,   -3,   30,  -20, 
			  25,    0,   30,   -6, 
			 -35,  -30,  -30,  -30, 
			 -30,   -7,   -1,  -16, 
		},
		{
			  10,  -40,  -40,  -20, 
			 -40,  -30,  -30,  -18, 
			  20,   14,  -25,   40, 
			 -40,  -11,   25,    0, 
			 -25,  -20,   -7,   15, 
			 -29,   14,    8,   -2, 
			 -40,   -2,   20,  -30, 
			 -50,   20,  -32,  -40, 
		},
		{
			 -80,  -15,    0,  -54, 
			 -10,  -44,  -30,  -30, 
			   0,  -30,  -20,    9, 
			   0,  -19,   35,   -6, 
			   0,   21,   24,  -10, 
			 -60,   35,  -20,   24, 
			 -10,  -10,  -30,  -11, 
			 -49,  -46,    0,  -60, 
		},
		{
			   0,    0,    0,    0, 
			  80,   80,   80,   80, 
			  -5,   -4,   46,   35, 
			  31,   17,  -15,    9, 
			 -15,   -3,   -8,   20, 
			  -3,   10,   -6,   -4, 
			 -17,   30,   -1,  -16, 
			   0,    0,    0,    0, 
		},
	},
	{
		{
			 -69,  -10,  -20,   10, 
			 -54,   10,   20,   15, 
			   0,   20,   30,    8, 
			 -20,   -1,    4,   19, 
			   0,   -5,   15,   25, 
			 -49,  -22,   -1,    0, 
			 -29,  -30,   -4,  -24, 
			 -63,  -40,  -31,  -33, 
		},
		{
			  10,   20,   20,   25, 
			  16,   30,   30,   30, 
			   5,   30,   35,   35, 
			  25,   30,   35,   35, 
			 -24,   11,   35,   30, 
			  -8,   25,   29,   10, 
			   1,   20,  -14,   30, 
			 -50,  -40,  -34,  -35, 
		},
		{
			  30,   26,   30,   30, 
			  25,   20,   40,   36, 
			  21,   21,   30,   26, 
			  15,    1,   30,   14, 
			 -19,   14,  -14,   16, 
			  15,   25,  -13,   24, 
			  -9,  -30,  -30,  -14, 
			 -30,  -30,   -6,  -10, 
		},
		{
			 -16,   -8,   20,   14, 
			  20,  -30,  -20,   11, 
			  10,    1,    6,   40, 
			 -31,  -25,   20,   21, 
			 -34,   30,   11,   40, 
			 -25,   16,    8,   11, 
			 -30,  -25,    1,   19, 
			  10,  -40,  -40,   -9, 
		},
		{
			 -80,  -10,    0,  -56, 
			 -70,  -15,  -30,    6, 
			 -10,  -30,   40,   -3, 
			 -22,   -1,  -15,  -10, 
			   0,    6,  -15,   22, 
			 -60,  -14,  -20,  -15, 
			 -70,  -50,  -30,  -15, 
			 -80,  -50,  -60,  -60, 
		},
		{
			   0,    0,    0,    0, 
			  80,   80,   80,   80, 
			  40,   40,   50,   60, 
			   4,   -3,   25,    8, 
			   2,   16,   -3,   18, 
			   6,    6,  -16,   30, 
			   4,    0,   -6,  -20, 
			   0,    0,    0,    0, 
		},
	},
}
Iteration: 6
Error: 0.111922
{
	{ 0, 29, 6, 0, 0, 0 },
	{ 0, 935, 465, 305, 285, 79 },
	{ 0, 935, 525, 309, 285, 135 },
	{
		{
			   5,   -5,  -75,  -15, 
			 -65,  -55,   -5,  -59, 
			 -39,   -5,   -5,  -57, 
			 -65,  -30,  -69,  -55, 
			   1,  -59,    5,  -70, 
			 -45,    0,    7,  -19, 
			  55,   50,    6,  -35, 
			  30,   52,  -14,   14, 
		},
		{
			  15,   25,   25,  -23, 
			  25,   12,   18,   35, 
			  -7,   35,   40,   32, 
			 -18,  -15,    0,   40, 
			  23,    8,    1,   11, 
			  25,    3,    5,    5, 
			 -45,  -19,   11,   -4, 
			 -55,  -45,  -45,  -12, 
		},
		{
			  31,   35,   35,   35, 
			  10,   10,   45,    1, 
			 -14,   35,   35,   35, 
			 -20,    1,    9,   35, 
			   9,   -2,   25,  -25, 
			  20,   -5,   35,  -11, 
			 -40,  -35,  -35,  -35, 
			 -35,  -12,   -6,  -21, 
		},
		{
			  15,  -45,  -45,  -25, 
			 -45,  -35,  -35,  -23, 
			  25,   14,  -30,   45, 
			 -45,  -16,   24,   -5, 
			 -26,  -25,  -12,   10, 
			 -29,    9,    3,   -3, 
			 -45,   -3,   15,  -31, 
			 -55,   25,  -37,  -45, 
		},
		{
			 -85,  -10,    5,  -59, 
			  -5,  -49,  -35,  -35, 
			   5,  -35,  -25,    4, 
			   5,  -24,   35,  -11, 
			   5,   16,   19,  -15, 
			 -65,   40,  -21,   23, 
			  -5,   -5,  -35,  -12, 
			 -54,  -47,    5,  -65, 
		},
		{
			   0,    0,    0,    0, 
			  85,   85,   85,   85, 
			 -10,   -9,   41,   36, 
			  31,   18,  -15,    9, 
			 -20,   -4,   -7,   19, 
			  -4,   10,   -5,   -4, 
			 -18,   29,   -1,  -17, 
			   0,    0,    0,    0, 
		},
	},
	{
		{
			 -68,   -5,  -19,   15, 
			 -59,   15,   25,   10, 
			   5,   25,   30,    3, 
			 -20,   -6,    4,   19, 
			   5,   -5,   10,   25, 
			 -44,  -22,   -2,    0, 
			 -30,  -30,   -3,  -19, 
			 -63,  -45,  -31,  -34, 
		},
		{
			  15,   25,   25,   30, 
			  11,   35,   35,   35, 
			   6,   35,   40,   40, 
			  30,   35,   40,   40, 
			 -29,    6,   40,   30, 
			 -13,   20,   30,    5, 
			   6,   25,  -13,   35, 
			 -55,  -45,  -39,  -40, 
		},
		{
			  35,   26,   35,   35, 
			  25,   20,   45,   31, 
			  26,   16,   31,   21, 
			  15,    2,   35,    9, 
			 -20,   13,  -19,   17, 
			  14,   25,  -18,   24, 
			 -10,  -35,  -35,  -15, 
			 -35,  -30,  -11,  -10, 
		},
		{
			 -16,   -7,   25,    9, 
			  25,  -25,  -19,   11, 
			  15,    0,    6,   45, 
			 -26,  -30,   21,   26, 
			 -33,   35,   12,   41, 
			 -25,   16,    8,   11, 
			 -30,  -30,    6,   20, 
			  15,  -45,  -45,   -9, 
		},
		{
			 -85,   -5,    5,  -57, 
			 -75,  -15,  -35,    6, 
			  -9,  -35,   45,   -2, 
			 -21,   -1,  -15,   -9, 
			   5,    6,  -14,   27, 
			 -65,  -14,  -25,  -20, 
			 -75,  -55,  -35,  -15, 
			 -75,  -45,  -65,  -65, 
		},
		{
			   0,    0,    0,    0, 
			  85,   85,   85,   85, 
			  35,   45,   55,   65, 
			  -1,   -3,   20,    8, 
			  -3,   11,   -4,   18, 
			   1,    5,  -21,   29, 
			  -1,   -1,  -11,  -20, 
			   0,    0,    0,    0, 
		},
	},
}
Iteration: 7
Error: 0.111695
{
	{ 0, 29, 6, 0, 0, 0 },
	{ 0, 940, 460, 300, 280, 79 },
	{ 0, 940, 525, 309, 280, 140 },
	{
		{
			  10,    0,  -80,  -10, 
			 -70,  -60,    0,  -58, 
			 -44,    0,    0,  -52, 
			 -70,  -25,  -68,  -56, 
			   2,  -64,   10,  -75, 
			 -50,    1,    6,  -19, 
			  60,   55,    5,  -40, 
			  35,   53,  -14,   15, 
		},
		{
			  20,   30,   30,  -22, 
			  30,   12,   19,   40, 
			  -7,   40,   45,   27, 
			 -17,  -15,    1,   40, 
			  24,   13,    1,   10, 
			  30,    3,    5,    5, 
			 -50,  -19,   12,   -4, 
			 -60,  -50,  -50,  -12, 
		},
		{
			  26,   40,   35,   40, 
			  10,   10,   44,    2, 
			 -19,   40,   40,   40, 
			 -19,    2,    4,   40, 
			   9,   -7,   20,  -30, 
			  15,  -10,   36,  -12, 
			 -45,  -40,  -40,  -40, 
			 -40,  -17,  -11,  -26, 
		},
		{
			  20,  -50,  -50,  -24, 
			 -50,  -40,  -40,  -28, 
			  30,    9,  -35,   45, 
			 -50,  -17,   24,  -10, 
			 -31,  -30,  -13,    5, 
			 -34,    9,    2,   -8, 
			 -50,   -8,   15,  -36, 
			 -60,   30,  -38,  -50, 
		},
		{
			 -90,   -5,   10,  -58, 
			   0,  -54,  -40,  -40, 
			  10,  -40,  -30,    5, 
			  10,  -24,   35,  -11, 
			   6,   11,   18,  -20, 
			 -70,   41,  -22,   23, 
			   0,   -6,  -40,  -17, 
			 -53,  -48,   10,  -70, 
		},
		{
			   0,    0,    0,    0, 
			  90,   90,   90,   90, 
			 -15,  -14,   40,   31, 
			  32,   18,  -15,    9, 
			 -20,   -3,   -7,   18, 
			  -4,   10,   -5,   -5, 
			 -18,   28,   -2,  -18, 
			   0,    0,    0,    0, 
		},
	},
	{
		{
			 -69,    0,  -24,   20, 
			 -64,   20,   30,    5, 
			  10,   30,   25,    2, 
			 -19,   -5,    4,   18, 
			   5,   -5,   10,   25, 
			 -45,  -22,   -3,    0, 
			 -30,  -30,   -3,  -20, 
			 -63,  -46,  -31,  -34, 
		},
		{
			  20,   30,   30,   35, 
			  12,   35,   40,   40, 
			   5,   40,   45,   45, 
			  35,   40,   45,   45, 
			 -34,    1,   45,   30, 
			 -18,   15,   35,    6, 
			   7,   25,  -18,   40, 
			 -60,  -50,  -44,  -45, 
		},
		{
			  40,   27,   40,   40, 
			  25,   20,   45,   31, 
			  27,   16,   32,   21, 
			  16,    2,   34,    9, 
			 -20,   13,  -19,   16, 
			  15,   25,  -23,   23, 
			  -9,  -35,  -40,  -14, 
			 -40,  -30,  -11,  -11, 
		},
		{
			 -11,   -6,   30,    9, 
			  30,  -24,  -18,   11, 
			  10,   -1,    7,   50, 
			 -27,  -31,   16,   26, 
			 -38,   40,   12,   42, 
			 -30,   16,    8,   11, 
			 -29,  -35,    1,   19, 
			  15,  -50,  -50,   -9, 
		},
		{
			 -90,    0,   10,  -52, 
			 -80,  -10,  -40,    6, 
			  -9,  -40,   50,   -2, 
			 -26,    0,  -15,   -8, 
			  10,   11,  -13,   32, 
			 -70,  -14,  -30,  -25, 
			 -80,  -60,  -40,  -10, 
			 -70,  -45,  -60,  -64, 
		},
		{
			   0,    0,    0,    0, 
			  90,   90,   90,   90, 
			  35,   50,   60,   65, 
			  -6,   -8,   20,    3, 
			  -8,   10,   -5,   13, 
			  -4,    0,  -26,   24, 
			  -6,   -6,  -12,  -19, 
			   0,    0,    0,    0, 
		},
	},
}
Iteration: 8
Error: 0.111514
{
	{ 0, 28, 6, 0, 0, 0 },
	{ 0, 945, 455, 295, 275, 78 },
	{ 0, 945, 530, 309, 275, 141 },
	{
		{
			  15,    5,  -85,   -5, 
			 -75,  -65,    5,  -63, 
			 -49,    5,    5,  -47, 
			 -75,  -26,  -73,  -51, 
			  -3,  -69,   15,  -80, 
			 -55,    1,   11,  -19, 
			  65,   56,    4,  -45, 
			  34,   53,  -13,   16, 
		},
		{
			  25,   35,   30,  -27, 
			  35,   12,   19,   45, 
			  -6,   45,   50,   26, 
			 -16,  -16,    0,   40, 
			  24,   12,    0,   10, 
			  35,    4,    6,    5, 
			 -55,  -19,   12,   -4, 
			 -65,  -55,  -55,  -12, 
		},
		{
			  21,   45,   35,   40, 
			   5,    5,   39,    1, 
			 -24,   45,   45,   45, 
			 -24,   -3,   -1,   39, 
			   4,  -12,   15,  -31, 
			  10,  -15,   35,  -17, 
			 -50,  -45,  -45,  -45, 
			 -41,  -18,  -11,  -25, 
		},
		{
			  25,  -55,  -55,  -29, 
			 -55,  -39,  -45,  -33, 
			  35,    4,  -40,   40, 
			 -49,  -22,   19,  -11, 
			 -30,  -35,  -18,    0, 
			 -35,    4,   -3,   -9, 
			 -55,   -9,   10,  -36, 
			 -65,   35,  -39,  -55, 
		},
		{
			 -95,   -5,   15,  -57, 
			   5,  -59,  -45,  -45, 
			  15,  -45,  -35,    0, 
			  15,  -25,   35,  -12, 
			   5,   12,   17,  -25, 
			 -75,   40,  -23,   23, 
			   5,   -6,  -45,  -16, 
			 -58,  -49,   15,  -75, 
		},
		{
			   0,    0,    0,    0, 
			  95,   95,   95,   95, 
			 -20,  -19,   39,   26, 
			  32,   19,  -16,    9, 
			 -20,   -2,   -8,   18, 
			  -4,   10,   -5,   -5, 
			 -18,   28,   -2,  -18, 
			   0,    0,    0,    0, 
		},
	},
	{
		{
			 -69,    5,  -29,   25, 
			 -63,   25,   35,    6, 
			  15,   35,   26,    3, 
			 -19,   -4,    4,   18, 
			   5,    0,   10,   24, 
			 -40,  -21,   -3,    1, 
			 -30,  -30,   -3,  -20, 
			 -63,  -46,  -30,  -34, 
		},
		{
			  25,   35,   35,   40, 
			   7,   40,   45,   45, 
			   5,   45,   50,   50, 
			  40,   45,   50,   50, 
			 -39,    2,   50,   29, 
			 -23,   10,   30,    1, 
			  12,   25,  -17,   45, 
			 -65,  -55,  -49,  -50, 
		},
		{
			  40,   22,   45,   45, 
			  25,   20,   45,   31, 
			  27,   15,   27,   16, 
			  16,    2,   33,    9, 
			 -20,   13,  -19,   16, 
			  10,   25,  -23,   23, 
			 -10,  -34,  -45,  -15, 
			 -40,  -30,  -11,  -11, 
		},
		{
			  -6,   -5,   35,   10, 
			  35,  -24,  -18,   10, 
			   9,   -2,    7,   55, 
			 -26,  -31,   17,   26, 
			 -37,   45,   12,   42, 
			 -29,   16,    8,   11, 
			 -29,  -40,    1,   18, 
			  20,  -55,  -50,   -4, 
		},
		{
			 -95,    5,   15,  -52, 
			 -85,   -5,  -39,   11, 
			  -8,  -45,   55,    3, 
			 -26,    0,  -10,   -3, 
			  10,   16,  -13,   32, 
			 -75,   -9,  -29,  -20, 
			 -85,  -65,  -45,   -9, 
			 -65,  -40,  -55,  -63, 
		},
		{
			   0,    0,    0,    0, 
			  95,   95,   95,   95, 
			  30,   55,   61,   65, 
			  -7,   -8,   15,    3, 
			  -8,    5,  -10,   12, 
			  -4,    0,  -26,   24, 
			  -5,   -7,  -13,  -18, 
			   0,    0,    0,    0, 
		},
	},
}
Iteration: 9
Error: 0.111364
{
	{ 0, 27, 6, 1, 0, 0 },
	{ 0, 950, 450, 290, 270, 73 },
	{ 0, 950, 530, 309, 275, 146 },
	{
		{
			  20,   10,  -90,    0, 
			 -80,  -70,    5,  -68, 
			 -54,   10,   10,  -52, 
			 -80,  -26,  -78,  -46, 
			   2,  -74,   20,  -79, 
			 -60,   -4,   11,  -19, 
			  65,   57,    4,  -50, 
			  35,   53,  -14,   16, 
		},
		{
			  30,   40,   25,  -26, 
			  35,   12,   20,   50, 
			  -6,   50,   55,   27, 
			 -16,  -17,    0,   40, 
			  24,   12,    0,   10, 
			  40,    3,    6,    5, 
			 -60,  -19,   12,   -5, 
			 -70,  -60,  -60,  -12, 
		},
		{
			  22,   50,   34,   40, 
			   0,    0,   38,    1, 
			 -29,   50,   50,   50, 
			 -29,   -2,   -6,   39, 
			   4,  -11,   14,  -36, 
			   5,  -15,   35,  -17, 
			 -55,  -50,  -45,  -50, 
			 -42,  -19,  -11,  -25, 
		},
		{
			  30,  -54,  -60,  -29, 
			 -60,  -39,  -50,  -38, 
			  40,    5,  -45,   35, 
			 -48,  -23,   20,  -16, 
			 -35,  -40,  -17,    0, 
			 -40,    4,   -3,  -10, 
			 -60,   -9,    9,  -37, 
			 -70,   40,  -39,  -60, 
		},
		{
			-100,    0,   20,  -62, 
			  10,  -64,  -50,  -50, 
			  20,  -50,  -40,   -5, 
			  20,  -25,   36,  -13, 
			   4,    7,   16,  -25, 
			 -80,   40,  -24,   23, 
			  10,   -7,  -50,  -17, 
			 -53,  -50,   20,  -80, 
		},
		{
			   0,    0,    0,    0, 
			 100,  100,  100,  100, 
			 -25,  -24,   39,   27, 
			  32,   20,  -16,    9, 
			 -21,   -2,   -7,   17, 
			  -5,   10,   -5,   -6, 
			 -18,   28,   -2,  -19, 
			   0,    0,    0,    0, 
		},
	},
	{
		{
			 -74,   10,  -29,   25, 
			 -64,   30,   40,    7, 
			  14,   36,   27,    4, 
			 -18,   -5,    4,   18, 
			   5,   -5,    9,   24, 
			 -39,  -22,   -3,    1, 
			 -29,  -31,   -2,  -15, 
			 -63,  -46,  -30,  -34, 
		},
		{
			  30,   40,   40,   41, 
			   2,   35,   50,   45, 
			   6,   50,   55,   55, 
			  45,   50,   55,   55, 
			 -44,    7,   55,   28, 
			 -28,    5,   25,    6, 
			  13,   25,  -17,   50, 
			 -70,  -60,  -48,  -55, 
		},
		{
			  40,   23,   50,   50, 
			  25,   20,   45,   31, 
			  27,   10,   28,   15, 
			  17,    2,   34,    9, 
			 -20,   13,  -19,   17, 
			  10,   25,  -23,   23, 
			  -9,  -29,  -45,  -14, 
			 -40,  -30,  -11,  -11, 
		},
		{
			 -11,   -6,   40,    9, 
			  40,  -24,  -17,   15, 
			  10,   -2,    7,   60, 
			 -26,  -31,   18,   26, 
			 -37,   50,   13,   43, 
			 -29,   16,    8,   11, 
			 -28,  -45,    1,   18, 
			  25,  -60,  -50,   -4, 
		},
		{
			-100,   10,   20,  -47, 
			 -90,    0,  -34,   16, 
			  -7,  -50,   60,    3, 
			 -31,    5,  -10,   -3, 
			  15,   16,   -8,   37, 
			 -80,   -8,  -29,  -20, 
			 -90,  -70,  -50,   -9, 
			 -60,  -35,  -50,  -63, 
		},
		{
			   0,    0,    0,    0, 
			 100,  100,  100,  100, 
			  30,   56,   62,   66, 
			  -7,  -13,   15,    3, 
			  -9,    5,  -10,   12, 
			  -4,   -1,  -27,   25, 
			  -5,   -8,  -14,  -19, 
			   0,    0,    0,    0, 
		},
	},
}
Iteration: 10
Error: 0.111241
{
	{ 0, 27, 7, 1, 0, 0 },
	{ 0, 955, 445, 285, 265, 72 },
	{ 0, 955, 535, 314, 276, 147 },
	{
		{
			  25,   15,  -95,    5, 
			 -85,  -75,    5,  -73, 
			 -59,    9,   15,  -57, 
			 -85,  -31,  -77,  -41, 
			   3,  -79,   25,  -74, 
			 -59,   -3,   12,  -19, 
			  65,   56,    9,  -55, 
			  35,   53,  -14,   16, 
		},
		{
			  35,   45,   30,  -25, 
			  36,   12,   20,   55, 
			  -6,   55,   60,   22, 
			 -16,  -18,   -5,   39, 
			  24,   11,    0,   10, 
			  45,    4,    6,    4, 
			 -65,  -19,   13,   -6, 
			 -75,  -65,  -59,  -11, 
		},
		{
			  22,   55,   29,   35, 
			   1,    1,   38,    1, 
			 -28,   55,   55,   55, 
			 -34,   -2,   -7,   39, 
			  -1,  -16,   13,  -35, 
			   4,  -15,   36,  -17, 
			 -60,  -55,  -44,  -55, 
			 -42,  -19,  -11,  -25, 
		},
		{
			  35,  -59,  -65,  -34, 
			 -65,  -39,  -55,  -43, 
			  45,    0,  -50,   30, 
			 -53,  -24,   15,  -16, 
			 -36,  -39,  -18,    0, 
			 -40,    4,   -3,  -11, 
			 -65,   -9,    8,  -38, 
			 -75,   45,  -40,  -65, 
		},
		{
			-105,    5,   25,  -61, 
			  15,  -63,  -50,  -55, 
			  21,  -55,  -45,   -4, 
			  25,  -30,   36,  -14, 
			   3,    8,   15,  -25, 
			 -85,   40,  -25,   22, 
			  15,   -2,  -55,  -18, 
			 -58,  -51,   25,  -80, 
		},
		{
			   0,    0,    0,    0, 
			 105,  101,  105,  105, 
			 -30,  -29,   34,   27, 
			  27,   20,  -15,    9, 
			 -20,   -1,   -7,   17, 
			  -5,   10,   -5,   -6, 
			 -19,   29,   -2,  -18, 
			   0,    0,    0,    0, 
		},
	},
	{
		{
			 -79,   15,  -34,   26, 
			 -64,   31,   45,    8, 
			  14,   37,   27,    4, 
			 -17,   -4,    5,   18, 
			   6,    0,    9,   29, 
			 -40,  -22,   -4,    6, 
			 -28,  -31,   -1,  -15, 
			 -63,  -51,  -29,  -33, 
		},
		{
			  35,   45,   45,   46, 
			  -3,   34,   55,   45, 
			   1,   55,   60,   60, 
			  50,   55,   55,   60, 
			 -49,    2,   60,   29, 
			 -33,    0,   20,   11, 
			  13,   26,  -22,   55, 
			 -75,  -65,  -47,  -60, 
		},
		{
			  45,   18,   55,   55, 
			  26,   20,   45,   31, 
			  27,    9,   27,   10, 
			  22,    2,   34,    4, 
			 -21,   14,  -18,   22, 
			  10,   30,  -28,   24, 
			  -9,  -29,  -46,   -9, 
			 -39,  -30,  -10,  -11, 
		},
		{
			 -11,   -6,   40,    8, 
			  45,  -23,  -17,   15, 
			   5,   -2,    7,   61, 
			 -25,  -36,   18,   26, 
			 -37,   55,   13,   43, 
			 -28,   16,    8,   11, 
			 -28,  -50,    1,   18, 
			  25,  -65,  -50,   -5, 
		},
		{
			-105,   15,   25,  -46, 
			 -95,    0,  -34,   21, 
			  -2,  -55,   65,    8, 
			 -31,    5,   -9,    2, 
			  15,   16,   -8,   42, 
			 -85,   -8,  -29,  -20, 
			 -95,  -75,  -55,   -9, 
			 -55,  -35,  -51,  -58, 
		},
		{
			   0,    0,    0,    0, 
			 105,  105,  105,  105, 
			  31,   56,   63,   66, 
			  -7,  -13,   15,    3, 
			  -9,    5,  -10,   12, 
			  -4,   -1,  -28,   25, 
			  -5,   -8,  -14,  -19, 
			   0,    0,    0,    0, 
		},
	},
}
Iteration: 11
Error: 0.111135
{
	{ 0, 27, 7, 1, 0, 0 },
	{ 0, 960, 440, 280, 260, 67 },
	{ 0, 956, 540, 314, 276, 148 },
	{
		{
			  30,   20, -100,   10, 
			 -90,  -80,    0,  -78, 
			 -64,   10,   20,  -56, 
			 -90,  -32,  -76,  -41, 
			   4,  -84,   30,  -73, 
			 -64,   -3,   17,  -24, 
			  65,   56,    4,  -55, 
			  36,   53,  -14,   16, 
		},
		{
			  40,   50,   30,  -24, 
			  41,   17,   21,   60, 
			  -6,   60,   65,   22, 
			 -15,  -18,    0,   39, 
			  24,   12,   -1,   10, 
			  50,    3,    6,    4, 
			 -70,  -20,   13,   -6, 
			 -80,  -70,  -59,  -11, 
		},
		{
			  17,   60,   24,   30, 
			   2,    2,   43,    1, 
			 -33,   60,   60,   60, 
			 -33,   -3,   -6,   44, 
			   0,  -16,    8,  -35, 
			   5,  -20,   37,  -17, 
			 -65,  -60,  -49,  -60, 
			 -42,  -20,  -11,  -25, 
		},
		{
			  40,  -64,  -70,  -39, 
			 -70,  -34,  -60,  -42, 
			  50,    0,  -55,   25, 
			 -58,  -24,   15,  -16, 
			 -35,  -44,  -18,    0, 
			 -40,    4,   -3,  -12, 
			 -70,   -9,    8,  -38, 
			 -80,   50,  -40,  -70, 
		},
		{
			-110,   10,   30,  -66, 
			  20,  -68,  -49,  -60, 
			  22,  -60,  -50,   -9, 
			  30,  -30,   36,  -15, 
			   2,    8,   14,  -26, 
			 -90,   40,  -26,   21, 
			  20,   -3,  -60,  -19, 
			 -63,  -51,   30,  -85, 
		},
		{
			   0,    0,    0,    0, 
			 110,   96,  110,  110, 
			 -35,  -24,   39,   27, 
			  27,   20,  -15,    9, 
			 -25,   -1,   -7,   17, 
			  -6,   11,   -5,   -6, 
			 -20,   29,   -2,  -18, 
			   0,    0,    0,    0, 
		},
	},
	{
		{
			 -74,   20,  -35,   31, 
			 -59,   32,   50,    9, 
			  15,   38,   26,    3, 
			 -17,   -4,    5,   18, 
			   7,    0,    9,   28, 
			 -39,  -21,   -3,    6, 
			 -27,  -31,   -1,  -14, 
			 -68,  -51,  -29,  -33, 
		},
		{
			  40,   50,   50,   45, 
			  -8,   29,   60,   46, 
			  -4,   60,   65,   65, 
			  55,   60,   54,   65, 
			 -54,    3,   65,   24, 
			 -38,   -5,   15,   16, 
			  18,   21,  -27,   60, 
			 -80,  -70,  -42,  -65, 
		},
		{
			  44,   19,   60,   55, 
			  26,   20,   45,   30, 
			  28,    8,   22,   11, 
			  21,    1,   33,    4, 
			 -22,   13,  -17,   22, 
			  11,   30,  -28,   25, 
			  -4,  -28,  -45,   -9, 
			 -39,  -30,  -10,  -11, 
		},
		{
			 -11,   -5,   45,    7, 
			  50,  -23,  -16,   15, 
			   6,    3,   12,   66, 
			 -25,  -31,   18,   27, 
			 -32,   60,   14,   43, 
			 -23,   15,    8,   11, 
			 -27,  -50,    1,   18, 
			  26,  -70,  -50,    0, 
		},
		{
			-110,   20,   30,  -46, 
			-100,    5,  -34,   21, 
			  -3,  -60,   70,   13, 
			 -32,    5,   -4,    2, 
			  16,   21,   -3,   42, 
			 -90,   -8,  -28,  -20, 
			-100,  -80,  -60,   -4, 
			 -50,  -34,  -56,  -58, 
		},
		{
			   0,    0,    0,    0, 
			 110,  110,  110,  110, 
			  31,   57,   64,   67, 
			  -7,  -13,   15,    3, 
			 -10,    5,  -10,   12, 
			  -4,   -2,  -28,   26, 
			  -5,   -8,  -14,  -19, 
			   0,    0,    0,    0, 
		},
	},
}
Iteration: 12
Error: 0.111033
{
	{ 0, 27, 7, 1, 1, 0 },
	{ 0, 965, 435, 275, 255, 66 },
	{ 0, 951, 545, 315, 276, 149 },
	{
		{
			  35,   25, -105,   15, 
			 -95,  -85,    1,  -83, 
			 -69,   15,   25,  -61, 
			 -95,  -32,  -75,  -36, 
			   5,  -89,   35,  -78, 
			 -69,   -2,   16,  -29, 
			  64,   55,    4,  -60, 
			  36,   53,  -13,   15, 
		},
		{
			  45,   55,   31,  -29, 
			  41,   16,   16,   65, 
			  -1,   61,   70,   17, 
			 -20,  -23,   -5,   34, 
			  25,   12,   -2,   11, 
			  55,    4,    6,    4, 
			 -70,  -21,   14,   -7, 
			 -85,  -75,  -59,  -10, 
		},
		{
			  12,   65,   19,   25, 
			   2,    1,   43,    6, 
			 -38,   65,   65,   65, 
			 -38,   -3,  -11,   44, 
			  -1,  -17,    9,  -40, 
			   5,  -20,   37,  -22, 
			 -70,  -65,  -49,  -65, 
			 -42,  -20,  -11,  -26, 
		},
		{
			  45,  -69,  -75,  -38, 
			 -75,  -33,  -61,  -47, 
			  51,    5,  -60,   20, 
			 -57,  -25,   15,  -17, 
			 -40,  -49,  -19,    0, 
			 -41,    3,   -4,  -13, 
			 -69,   -9,    8,  -39, 
			 -85,   55,  -41,  -75, 
		},
		{
			-115,   10,   35,  -71, 
			  25,  -73,  -54,  -65, 
			  23,  -65,  -55,   -9, 
			  35,  -31,   37,  -16, 
			   1,    9,   14,  -27, 
			 -95,   40,  -27,   20, 
			  25,    2,  -65,  -19, 
			 -68,  -52,   35,  -84, 
		},
		{
			   0,    0,    0,    0, 
			 115,   91,  115,  115, 
			 -34,  -29,   34,   28, 
			  27,   20,  -15,    9, 
			 -25,   -1,   -7,   17, 
			  -6,   11,   -4,   -7, 
			 -20,   29,   -2,  -18, 
			   0,    0,    0,    0, 
		},
	},
	{
		{
			 -74,   15,  -34,   31, 
			 -60,   32,   55,    4, 
			  16,   37,   26,    2, 
			 -16,   -3,    5,   18, 
			   8,    1,    8,   28, 
			 -39,  -21,   -3,    6, 
			 -26,  -26,   -1,  -14, 
			 -68,  -51,  -28,  -38, 
		},
		{
			  35,   55,   50,   45, 
			 -13,   29,   65,   41, 
			  -9,   61,   65,   70, 
			  60,   65,   59,   70, 
			 -53,   -2,   70,   24, 
			 -43,  -10,   15,   21, 
			  23,   26,  -32,   65, 
			 -85,  -75,  -42,  -70, 
		},
		{
			  44,   19,   60,   55, 
			  26,   20,   45,   30, 
			  28,    7,   22,   12, 
			  21,    1,   38,    4, 
			 -21,   13,  -17,   22, 
			  11,   30,  -28,   26, 
			  -4,  -27,  -45,   -9, 
			 -39,  -30,  -10,  -11, 
		},
		{
			 -16,   -5,   46,    7, 
			  55,  -24,  -16,   16, 
			   6,   -2,   12,   66, 
			 -24,  -31,   18,   28, 
			 -32,   60,   14,   48, 
			 -28,   15,    9,   11, 
			 -28,  -55,    1,   18, 
			  27,  -75,  -50,    1, 
		},
		{
			-115,   25,   30,  -45, 
			-105,    6,  -35,   26, 
			  -3,  -65,   70,   14, 
			 -32,   10,   -5,    2, 
			  16,   21,   -2,   42, 
			 -95,   -3,  -23,  -19, 
			 -99,  -85,  -65,   -3, 
			 -45,  -39,  -51,  -53, 
		},
		{
			   0,    0,    0,    0, 
			 115,  111,  115,  115, 
			  31,   57,   64,   68, 
			  -7,  -13,   15,    3, 
			 -10,    5,  -10,   12, 
			  -4,   -2,  -28,   26, 
			  -5,   -8,  -14,  -19, 
			   0,    0,    0,    0, 
		},
	},
}
Iteration: 13
Error: 0.110949
{
	{ 0, 27, 7, 1, 1, 0 },
	{ 0, 970, 430, 270, 250, 66 },
	{ 0, 946, 546, 316, 277, 149 },
	{
		{
			  40,   30, -110,   20, 
			-100,  -90,   -4,  -88, 
			 -74,   16,   30,  -62, 
			-100,  -32,  -80,  -36, 
			   0,  -94,   40,  -83, 
			 -69,   -2,   16,  -29, 
			  64,   50,    4,  -60, 
			  36,   53,  -14,   15, 
		},
		{
			  50,   60,   26,  -34, 
			  40,   16,   16,   64, 
			  -1,   61,   71,   17, 
			 -19,  -22,   -6,   34, 
			  25,   12,   -2,   10, 
			  60,    5,    6,    4, 
			 -71,  -22,   14,   -7, 
			 -90,  -80,  -59,  -10, 
		},
		{
			  12,   70,   14,   20, 
			  -3,    1,   48,    7, 
			 -43,   70,   70,   70, 
			 -38,   -3,  -16,   44, 
			   0,  -16,    8,  -40, 
			   5,  -21,   37,  -22, 
			 -75,  -64,  -49,  -70, 
			 -42,  -20,  -12,  -26, 
		},
		{
			  50,  -68,  -80,  -37, 
			 -80,  -33,  -60,  -52, 
			  51,    0,  -65,   20, 
			 -57,  -26,   20,  -22, 
			 -40,  -49,  -19,   -5, 
			 -41,    2,   -5,  -14, 
			 -74,   -9,    3,  -40, 
			 -90,   60,  -42,  -76, 
		},
		{
			-120,   15,   40,  -76, 
			  30,  -78,  -59,  -70, 
			  23,  -70,  -60,  -14, 
			  40,  -30,   36,  -16, 
			   2,    4,   14,  -27, 
			-100,   39,  -27,   21, 
			  30,    2,  -70,  -19, 
			 -67,  -52,   40,  -84, 
		},
		{
			   0,    0,    0,    0, 
			 120,   86,  120,  115, 
			 -39,  -28,   39,   27, 
			  27,   20,  -16,    9, 
			 -25,   -1,   -7,   17, 
			  -7,   11,   -3,   -7, 
			 -21,   30,   -2,  -17, 
			   0,    0,    0,    0, 
		},
	},
	{
		{
			 -73,   15,  -34,   32, 
			 -59,   32,   60,    5, 
			  16,   36,   26,    2, 
			 -11,   -4,    5,   18, 
			   9,    1,    7,   28, 
			 -39,  -21,   -4,    5, 
			 -27,  -26,   -2,  -14, 
			 -68,  -51,  -28,  -38, 
		},
		{
			  36,   60,   55,   50, 
			 -12,   29,   70,   36, 
			 -14,   61,   60,   75, 
			  65,   70,   64,   75, 
			 -58,   -2,   75,   24, 
			 -48,  -15,   20,   21, 
			  23,   21,  -37,   70, 
			 -84,  -80,  -43,  -75, 
		},
		{
			  45,   19,   65,   55, 
			  26,   20,   44,   29, 
			  29,    8,   22,    7, 
			  21,    2,   39,    4, 
			 -21,   14,  -17,   21, 
			  11,   30,  -28,   26, 
			   1,  -27,  -45,   -9, 
			 -39,  -31,  -10,  -11, 
		},
		{
			 -17,    0,   46,    7, 
			  60,  -24,  -16,   16, 
			   7,   -1,   11,   66, 
			 -24,  -31,   18,   33, 
			 -32,   60,   15,   48, 
			 -27,   15,   10,   11, 
			 -27,  -55,    6,   19, 
			  32,  -80,  -50,    1, 
		},
		{
			-120,   30,   30,  -40, 
			-105,    7,  -30,   31, 
			  -2,  -66,   71,   15, 
			 -27,   15,   -4,    2, 
			  15,   26,   -2,   42, 
			-100,   -3,  -23,  -19, 
			-104,  -90,  -70,   -3, 
			 -40,  -39,  -52,  -53, 
		},
		{
			   0,    0,    0,    0, 
			 120,  112,  120,  120, 
			  31,   56,   64,   67, 
			  -7,  -13,   15,    3, 
			 -10,    5,  -10,   12, 
			  -4,   -2,  -28,   26, 
			  -5,   -8,  -14,  -24, 
			   0,    0,    0,    0, 
		},
	},
}