Iteration: 0
Error: 0.110877
{
	{ 0, 27, 7, 1, 1, 0 },
	{ 0, 969, 425, 265, 245, 66 },
	{ 0, 941, 546, 316, 277, 149 },
	{
		{
			  40,   35, -115,   25, 
			-105,  -95,   -9,  -93, 
			 -79,   17,   35,  -61, 
			-105,  -27,  -85,  -36, 
			   1,  -99,   45,  -83, 
			 -74,   -2,   16,  -30, 
			  64,   50,    4,  -60, 
			  37,   53,  -14,   15, 
		},
		{
			  55,   65,   26,  -33, 
			  45,   17,   15,   69, 
			  -2,   56,   76,   12, 
			 -20,  -22,   -6,   34, 
			  26,   12,   -2,   10, 
			  65,    5,    6,    4, 
			 -72,  -22,   14,   -7, 
			 -95,  -85,  -59,  -10, 
		},
		{
			  12,   75,    9,   15, 
			  -3,    1,   48,    7, 
			 -43,   75,   75,   75, 
			 -43,   -4,  -16,   45, 
			   0,  -16,    7,  -40, 
			   5,  -21,   37,  -22, 
			 -80,  -64,  -50,  -70, 
			 -42,  -20,  -12,  -26, 
		},
		{
			  55,  -73,  -85,  -42, 
			 -85,  -33,  -65,  -51, 
			  46,    0,  -70,   20, 
			 -57,  -26,   15,  -22, 
			 -40,  -49,  -20,   -5, 
			 -41,    2,   -5,  -14, 
			 -73,   -9,    3,  -40, 
			 -95,   65,  -42,  -75, 
		},
		{
			-125,   20,   45,  -81, 
			  31,  -83,  -59,  -75, 
			  18,  -75,  -65,  -14, 
			  45,  -31,   35,  -16, 
			   1,    5,   14,  -27, 
			-105,   39,  -27,   21, 
			  35,    3,  -75,  -19, 
			 -66,  -52,   45,  -84, 
		},
		{
			   0,    0,    0,    0, 
			 125,   81,  125,  110, 
			 -44,  -33,   38,   27, 
			  27,   21,  -16,    9, 
			 -25,   -1,   -7,   17, 
			  -7,   11,   -4,   -7, 
			 -21,   30,   -2,  -17, 
			   0,    0,    0,    0, 
		},
	},
	{
		{
			 -72,   14,  -33,   27, 
			 -60,   32,   65,    4, 
			  17,   37,   25,    2, 
			 -11,   -3,    5,   18, 
			   4,    1,    7,   28, 
			 -39,  -21,   -4,    5, 
			 -27,  -27,   -2,  -14, 
			 -68,  -51,  -28,  -38, 
		},
		{
			  37,   65,   55,   51, 
			 -17,   29,   75,   31, 
			 -19,   66,   55,   80, 
			  70,   75,   69,   80, 
			 -57,   -2,   80,   24, 
			 -53,  -20,   20,   21, 
			  18,   21,  -42,   75, 
			 -89,  -85,  -48,  -80, 
		},
		{
			  45,   14,   65,   60, 
			  26,   20,   44,   28, 
			  29,    3,   21,    8, 
			  26,    1,   39,    4, 
			 -21,   14,  -17,   20, 
			  11,   29,  -28,   26, 
			   1,  -26,  -44,   -9, 
			 -39,  -31,  -10,  -11, 
		},
		{
			 -12,   -1,   45,    6, 
			  65,  -23,  -16,   16, 
			   7,   -2,   12,   66, 
			 -19,  -30,   19,   32, 
			 -32,   60,   14,   48, 
			 -27,   15,   10,   12, 
			 -26,  -55,    6,   19, 
			  33,  -85,  -50,    1, 
		},
		{
			-125,   35,   35,  -40, 
			-105,   12,  -30,   31, 
			  -2,  -66,   72,   15, 
			 -27,   15,   -4,    3, 
			  15,   27,   -2,   42, 
			-105,   -2,  -23,  -19, 
			-109,  -95,  -75,   -3, 
			 -35,  -38,  -52,  -48, 
		},
		{
			   0,    0,    0,    0, 
			 125,  113,  125,  125, 
			  31,   56,   64,   66, 
			  -7,  -13,   15,    3, 
			 -10,    5,  -10,   12, 
			  -4,   -2,  -28,   26, 
			  -5,   -8,  -14,  -24, 
			   0,    0,    0,    0, 
		},
	},
}
Iteration: 1
Error: 0.110811
{
	{ 0, 27, 7, 1, 1, 0 },
	{ 0, 964, 420, 260, 240, 61 },
	{ 0, 936, 546, 321, 282, 149 },
	{
		{
			  45,   40, -120,   30, 
			-110, -100,  -14,  -98, 
			 -84,   12,   40,  -61, 
			-110,  -27,  -90,  -35, 
			   6,  -99,   50,  -88, 
			 -69,   -7,   17,  -30, 
			  64,   50,    4,  -60, 
			  32,   53,  -14,   16, 
		},
		{
			  60,   70,   26,  -38, 
			  45,   17,   16,   69, 
			  -2,   56,   75,    7, 
			 -20,  -22,   -6,   33, 
			  26,   12,   -3,   11, 
			  70,    5,    6,    3, 
			 -72,  -22,   15,   -7, 
			-100,  -90,  -60,  -10, 
		},
		{
			  13,   80,   10,   10, 
			  -3,    2,   43,    8, 
			 -42,   80,   80,   80, 
			 -42,   -4,  -16,   46, 
			  -1,  -15,    6,  -40, 
			   5,  -21,   37,  -22, 
			 -85,  -64,  -50,  -70, 
			 -42,  -20,  -12,  -26, 
		},
		{
			  60,  -78,  -90,  -42, 
			 -84,  -34,  -64,  -51, 
			  46,    5,  -75,   19, 
			 -58,  -26,   15,  -22, 
			 -45,  -49,  -20,   -5, 
			 -41,    2,   -5,  -15, 
			 -78,   -9,    4,  -40, 
			-100,   70,  -42,  -75, 
		},
		{
			-130,   25,   50,  -81, 
			  36,  -88,  -58,  -80, 
			  18,  -80,  -70,  -13, 
			  45,  -31,   34,  -17, 
			   1,    5,   13,  -27, 
			-110,   38,  -28,   21, 
			  40,    4,  -80,  -20, 
			 -65,  -53,   50,  -85, 
		},
		{
			   0,    0,    0,    0, 
			 130,   76,  130,  110, 
			 -44,  -28,   37,   26, 
			  27,   21,  -16,    9, 
			 -25,   -1,   -7,   17, 
			  -7,   11,   -4,   -7, 
			 -21,   30,   -2,  -17, 
			   0,    0,    0,    0, 
		},
	},
	{
		{
			 -77,    9,  -38,   28, 
			 -60,   32,   66,    4, 
			  17,   37,   24,    2, 
			 -11,   -3,    5,   17, 
			   4,    2,    6,   28, 
			 -39,  -21,   -4,    5, 
			 -27,  -27,   -2,  -14, 
			 -63,  -51,  -28,  -38, 
		},
		{
			  32,   66,   60,   51, 
			 -22,   34,   80,   26, 
			 -24,   66,   55,   85, 
			  75,   80,   70,   85, 
			 -62,   -2,   85,   19, 
			 -58,  -25,   19,   21, 
			  23,   20,  -42,   80, 
			 -89,  -90,  -49,  -85, 
		},
		{
			  45,   14,   65,   60, 
			  26,   20,   44,   28, 
			  29,    4,   20,    8, 
			  26,    1,   39,    4, 
			 -21,   14,  -17,   20, 
			  11,   29,  -28,   26, 
			   1,  -26,  -44,   -4, 
			 -39,  -31,  -10,  -11, 
		},
		{
			 -11,   -2,   45,    6, 
			  64,  -24,  -16,   16, 
			   7,   -2,   12,   65, 
			 -19,  -30,   14,   32, 
			 -37,   60,   14,   48, 
			 -27,   15,   10,   12, 
			 -27,  -55,    6,   19, 
			  34,  -90,  -50,    1, 
		},
		{
			-130,   36,   30,  -35, 
			-110,    7,  -30,   32, 
			  -2,  -66,   72,   15, 
			 -32,   15,   -5,    3, 
			  16,   27,   -2,   42, 
			-110,   -2,  -23,  -20, 
			-114, -100,  -80,   -3, 
			 -30,  -38,  -51,  -47, 
		},
		{
			   0,    0,    0,    0, 
			 130,  113,  130,  130, 
			  32,   56,   64,   66, 
			  -7,  -13,   15,    3, 
			  -9,    5,  -10,   12, 
			  -4,   -2,  -28,   26, 
			  -5,   -8,  -14,  -19, 
			   0,    0,    0,    0, 
		},
	},
}
Iteration: 2
Error: 0.110743
{
	{ 0, 27, 7, 1, 2, 0 },
	{ 0, 965, 415, 255, 235, 60 },
	{ 0, 931, 547, 321, 282, 149 },
	{
		{
			  45,   45, -125,   35, 
			-115, -105,  -13, -103, 
			 -89,    7,   45,  -61, 
			-115,  -26,  -90,  -34, 
			   1, -100,   55,  -93, 
			 -70,   -2,   18,  -29, 
			  65,   51,    4,  -65, 
			  33,   53,  -14,   16, 
		},
		{
			  65,   75,   21,  -43, 
			  50,   18,   17,   74, 
			   3,   56,   75,   12, 
			 -25,  -27,  -11,   28, 
			  27,   13,   -8,   11, 
			  70,    6,    6,    3, 
			 -72,  -23,   16,   -8, 
			-105,  -95,  -61,   -9, 
		},
		{
			  14,   85,    5,    5, 
			  -3,    2,   48,    8, 
			 -42,   85,   85,   85, 
			 -47,   -3,  -16,   46, 
			  -1,  -20,    6,  -40, 
			   6,  -22,   37,  -22, 
			 -90,  -65,  -50,  -75, 
			 -42,  -19,  -13,  -31, 
		},
		{
			  65,  -77,  -95,  -47, 
			 -89,  -35,  -65,  -50, 
			  46,    5,  -80,   20, 
			 -58,  -26,   20,  -22, 
			 -45,  -48,  -21,   -6, 
			 -41,    1,   -6,  -16, 
			 -77,   -8,    4,  -40, 
			-105,   75,  -42,  -74, 
		},
		{
			-135,   25,   55,  -76, 
			  41,  -88,  -59,  -85, 
			  13,  -85,  -75,  -12, 
			  50,  -31,   34,  -18, 
			   1,    6,   12,  -28, 
			-115,   38,  -28,   21, 
			  45,    5,  -85,  -21, 
			 -64,  -52,   55,  -84, 
		},
		{
			   0,    0,    0,    0, 
			 135,   76,  135,  105, 
			 -43,  -33,   37,   26, 
			  27,   21,  -16,    9, 
			 -24,   -1,   -7,   17, 
			  -7,   11,   -4,   -7, 
			 -21,   30,   -2,  -17, 
			   0,    0,    0,    0, 
		},
	},
	{
		{
			 -76,   10,  -38,   23, 
			 -61,   33,   65,   -1, 
			  17,   37,   23,    1, 
			 -10,   -4,    5,   17, 
			   4,    2,    5,   28, 
			 -39,  -22,   -4,    5, 
			 -27,  -27,   -2,  -13, 
			 -62,  -51,  -28,  -38, 
		},
		{
			  33,   66,   65,   50, 
			 -27,   33,   85,   21, 
			 -29,   66,   60,   85, 
			  80,   85,   75,   90, 
			 -67,   -2,   90,   19, 
			 -63,  -30,   18,   26, 
			  28,   25,  -47,   85, 
			 -94,  -95,  -49,  -90, 
		},
		{
			  46,   15,   66,   60, 
			  27,   21,   43,   28, 
			  29,    4,   20,    7, 
			  27,    1,   40,    4, 
			 -21,   15,  -12,   21, 
			  11,   29,  -28,   26, 
			   1,  -26,  -44,   -4, 
			 -39,  -31,  -10,  -11, 
		},
		{
			 -16,   -3,   45,    7, 
			  64,  -24,  -16,   15, 
			   8,   -2,   17,   65, 
			 -19,  -30,   14,   32, 
			 -32,   59,   14,   48, 
			 -28,   20,   10,   17, 
			 -27,  -55,    6,   19, 
			  29,  -95,  -50,    1, 
		},
		{
			-135,   31,   30,  -40, 
			-110,    7,  -25,   31, 
			  -3,  -66,   77,   10, 
			 -31,   15,   -6,    3, 
			  17,   22,   -7,   42, 
			-115,   -3,  -23,  -20, 
			-109, -105,  -81,   -3, 
			 -25,  -43,  -56,  -47, 
		},
		{
			   0,    0,    0,    0, 
			 135,  113,  135,  135, 
			  33,   56,   64,   66, 
			  -7,  -13,   15,    3, 
			  -9,    5,  -10,   12, 
			  -4,   -2,  -28,   26, 
			  -5,   -8,  -14,  -18, 
			   0,    0,    0,    0, 
		},
	},
}
Iteration: 3
Error: 0.110682
{
	{ 0, 27, 7, 1, 2, 0 },
	{ 0, 965, 410, 250, 230, 60 },
	{ 0, 926, 547, 321, 282, 149 },
	{
		{
			  46,   50, -130,   40, 
			-120, -110,  -18, -108, 
			 -94,    8,   50,  -66, 
			-120,  -25,  -89,  -34, 
			   0, -105,   55,  -98, 
			 -75,   -2,   17,  -34, 
			  65,   51,    4,  -65, 
			  33,   53,  -14,   16, 
		},
		{
			  70,   80,   16,  -43, 
			  51,   18,   12,   75, 
			   4,   56,   74,    7, 
			 -24,  -27,  -10,   33, 
			  28,   13,   -8,   12, 
			  75,    6,    6,    3, 
			 -72,  -23,   16,   -9, 
			-110, -100,  -61,   -8, 
		},
		{
			   9,   90,    0,    0, 
			  -3,   -3,   43,    8, 
			 -47,   90,   85,   90, 
			 -47,   -3,  -16,   46, 
			  -2,  -21,    1,  -45, 
			   6,  -27,   37,  -27, 
			 -95,  -64,  -49,  -75, 
			 -47,  -24,  -18,  -31, 
		},
		{
			  70,  -82, -100,  -46, 
			 -94,  -36,  -60,  -55, 
			  51,    5,  -85,   15, 
			 -58,  -27,   20,  -22, 
			 -46,  -53,  -21,   -7, 
			 -41,   -4,   -6,  -16, 
			 -82,   -8,    4,  -41, 
			-110,   80,  -43,  -79, 
		},
		{
			-140,   30,   60,  -76, 
			  36,  -88,  -58,  -90, 
			  13,  -90,  -80,  -13, 
			  50,  -36,   34,  -18, 
			   0,    7,   12,  -33, 
			-115,   37,  -28,   20, 
			  50,   10,  -90,  -21, 
			 -63,  -53,   60,  -83, 
		},
		{
			   0,    0,    0,    0, 
			 140,   76,  140,  100, 
			 -43,  -38,   32,   26, 
			  27,   21,  -16,    9, 
			 -24,   -1,   -7,   17, 
			  -7,   11,   -4,   -7, 
			 -21,   30,   -2,  -17, 
			   0,    0,    0,    0, 
		},
	},
	{
		{
			 -81,   11,  -38,   22, 
			 -60,   28,   65,   -1, 
			  17,   37,   23,    1, 
			  -9,   -4,    5,   17, 
			   9,    1,    5,   29, 
			 -39,  -22,   -3,    5, 
			 -27,  -27,   -2,  -13, 
			 -62,  -51,  -29,  -38, 
		},
		{
			  34,   66,   70,   55, 
			 -32,   33,   90,   16, 
			 -34,   67,   55,   90, 
			  85,   90,   76,   95, 
			 -72,   -1,   95,   14, 
			 -68,  -35,   13,   27, 
			  33,   25,  -47,   90, 
			 -89, -100,  -44,  -95, 
		},
		{
			  46,   14,   66,   61, 
			  27,   21,   43,   27, 
			  34,    3,   20,    2, 
			  27,    1,   40,    3, 
			 -21,   15,  -12,   21, 
			  12,   29,  -28,   26, 
			   1,  -25,  -44,   -4, 
			 -39,  -31,  -10,  -11, 
		},
		{
			 -17,   -2,   46,   12, 
			  69,  -25,  -16,   20, 
			   8,   -2,   17,   66, 
			 -20,  -30,   15,   31, 
			 -32,   59,   15,   48, 
			 -28,   20,   10,   17, 
			 -22,  -55,    6,   19, 
			  29,  -95,  -50,    1, 
		},
		{
			-140,   31,   30,  -39, 
			-110,   12,  -30,   36, 
			  -2,  -66,   76,   10, 
			 -36,   16,   -5,    3, 
			  18,   22,   -6,   43, 
			-115,   -3,  -23,  -21, 
			-114, -110,  -81,   -2, 
			 -20,  -42,  -51,  -52, 
		},
		{
			   0,    0,    0,    0, 
			 135,  113,  140,  140, 
			  32,   61,   69,   67, 
			  -7,  -13,   15,    3, 
			  -9,    5,  -10,   12, 
			  -4,   -2,  -28,   26, 
			  -5,   -8,  -14,  -23, 
			   0,    0,    0,    0, 
		},
	},
}
Iteration: 4
Error: 0.110629
{
	{ 0, 27, 7, 1, 2, 0 },
	{ 0, 960, 405, 245, 225, 59 },
	{ 0, 921, 552, 321, 282, 149 },
	{
		{
			  51,   55, -135,   45, 
			-125, -115,  -23, -113, 
			 -99,    3,   55,  -66, 
			-125,  -26,  -94,  -34, 
			   0, -105,   55, -103, 
			 -74,   -2,   17,  -34, 
			  60,   51,    4,  -65, 
			  33,   53,  -14,   16, 
		},
		{
			  75,   85,   17,  -48, 
			  51,   18,   12,   75, 
			   4,   57,   74,    6, 
			 -24,  -26,  -10,   28, 
			  29,   14,   -8,   12, 
			  75,    6,    7,    3, 
			 -73,  -23,   16,   -9, 
			-115, -100,  -62,   -8, 
		},
		{
			   8,   90,   -1,    0, 
			  -3,   -8,   38,    9, 
			 -52,   95,   84,   95, 
			 -52,   -3,  -16,   41, 
			  -7,  -26,    1,  -45, 
			   6,  -27,   38,  -27, 
			-100,  -69,  -54,  -80, 
			 -47,  -24,  -18,  -36, 
		},
		{
			  75,  -87, -105,  -45, 
			 -93,  -31,  -65,  -60, 
			  51,    5,  -90,   15, 
			 -59,  -28,   19,  -22, 
			 -47,  -53,  -22,   -8, 
			 -41,   -4,   -7,  -16, 
			 -87,   -9,    3,  -41, 
			-115,   85,  -43,  -84, 
		},
		{
			-145,   31,   65,  -75, 
			  41,  -83,  -59,  -89, 
			  14,  -95,  -85,  -13, 
			  49,  -36,   34,  -18, 
			   1,    7,   11,  -28, 
			-115,   37,  -28,   20, 
			  55,   15,  -95,  -21, 
			 -68,  -52,   61,  -84, 
		},
		{
			   0,    0,    0,    0, 
			 140,   81,  145,   95, 
			 -43,  -38,   32,   26, 
			  27,   21,  -16,    9, 
			 -24,   -1,   -7,   17, 
			  -7,   11,   -4,   -7, 
			 -21,   30,   -2,  -16, 
			   0,    0,    0,    0, 
		},
	},
	{
		{
			 -81,    6,  -43,   23, 
			 -59,   29,   66,    0, 
			  18,   36,   24,    1, 
			 -14,   -4,    5,   17, 
			  10,    2,    4,   29, 
			 -39,  -22,   -3,    5, 
			 -22,  -27,   -2,  -13, 
			 -61,  -51,  -28,  -37, 
		},
		{
			  29,   61,   70,   60, 
			 -37,   34,   95,   17, 
			 -39,   67,   55,   95, 
			  90,   95,   81,  100, 
			 -77,    4,  100,   14, 
			 -73,  -40,   13,   27, 
			  38,   20,  -47,   95, 
			 -88, -105,  -44, -100, 
		},
		{
			  45,    9,   66,   61, 
			  27,   21,   43,   27, 
			  33,    2,   20,    2, 
			  28,    0,   39,    3, 
			 -20,   15,  -12,   21, 
			  11,   29,  -28,   26, 
			   1,  -26,  -44,   -4, 
			 -39,  -31,  -10,  -11, 
		},
		{
			 -18,   -3,   46,   13, 
			  70,  -20,  -15,   20, 
			   9,   -3,   22,   66, 
			 -20,  -29,   16,   31, 
			 -31,   59,   15,   48, 
			 -28,   20,   10,   17, 
			 -22,  -55,    6,   19, 
			  34,  -95,  -50,    1, 
		},
		{
			-139,   31,   30,  -38, 
			-115,   12,  -30,   36, 
			  -3,  -61,   81,   15, 
			 -36,   17,   -4,    3, 
			  18,   23,   -6,   43, 
			-110,   -2,  -23,  -16, 
			-114, -115,  -80,   -2, 
			 -15,  -42,  -46,  -52, 
		},
		{
			   0,    0,    0,    0, 
			 135,  114,  139,  145, 
			  32,   61,   69,   67, 
			  -7,  -13,   15,    3, 
			  -9,    5,  -10,   12, 
			  -4,   -2,  -28,   26, 
			  -5,   -8,  -14,  -23, 
			   0,    0,    0,    0, 
		},
	},
}
