Iteration: 0
Error: 0.11611
{
	{ 0, 9, 3, 0, 0, 0 },
	{ 0, 905, 501, 325, 315, 105 },
	{ 0, 905, 505, 325, 315, 105 },
	{
		{
			 -25,  -35,  -35,  -45, 
			 -25,  -35,  -35,  -45, 
			 -25,  -35,  -35,  -45, 
			 -29,  -35,  -35,  -55, 
			 -19,  -25,  -25,  -45, 
			  -9,  -15,  -25,  -25, 
			  20,   15,   -5,   -5, 
			  15,   35,    5,   -5, 
		},
		{
			 -15,   -5,   -5,    0, 
			  -5,    1,    5,    5, 
			  -5,    5,   10,   10, 
			   0,   -5,   10,   10, 
			   5,    5,   10,   10, 
			  -5,   10,    5,    0, 
			 -15,   -5,   10,   -5, 
			 -25,  -15,  -15,  -10, 
		},
		{
			   5,    5,    5,    5, 
			  10,   15,   15,   15, 
			   0,    5,    5,    5, 
			   0,    5,    5,    5, 
			   0,    5,    5,    5, 
			   0,   -5,    5,   -5, 
			 -10,   -5,   -5,   -5, 
			  -5,   -5,    5,   10, 
		},
		{
			 -20,   -9,  -15,   -5, 
			 -15,   -5,    1,   -5, 
			  -5,    5,    0,   15, 
			  -5,   10,   10,   15, 
			  -5,   -5,   15,   15, 
			  -5,   15,   15,   10, 
			 -15,   10,    5,   -5, 
			 -25,   -5,  -15,  -15, 
		},
		{
			 -55,  -45,  -25,  -35, 
			 -35,  -15,    5,   -5, 
			 -25,   -5,    5,   20, 
			 -25,   10,   20,   25, 
			 -25,    5,   20,   15, 
			 -35,   10,    5,   10, 
			 -35,  -25,   -5,    0, 
			 -55,  -35,  -25,  -35, 
		},
		{
			   0,    0,    0,    0, 
			  55,   55,   55,   55, 
			  15,   15,   25,   35, 
			  10,    0,   15,   20, 
			   0,   -5,    0,   15, 
			   5,    0,   -5,    5, 
			   0,   15,    5,  -25, 
			   0,    0,    0,    0, 
		},
	},
	{
		{
			 -45,  -35,  -25,  -15, 
			 -25,  -15,   -5,    5, 
			 -25,   -5,   25,   35, 
			 -25,   -5,   35,   35, 
			 -25,   -5,   25,   35, 
			 -35,   -5,   15,   25, 
			 -35,  -35,   -5,   -5, 
			 -55,  -25,  -35,  -35, 
		},
		{
			 -15,   -5,   -5,    0, 
			  -5,    5,    5,    5, 
			  -5,    5,   10,   10, 
			   0,    5,   10,   10, 
			  -5,    5,   10,   10, 
			 -15,   10,    0,    0, 
			  -5,   -5,   10,   -5, 
			 -25,  -15,  -15,  -10, 
		},
		{
			   5,    5,    5,    5, 
			  10,   15,   15,   15, 
			   0,    5,    5,    5, 
			   0,    5,    5,    5, 
			   0,    5,    5,    5, 
			  -4,   -5,   -5,    1, 
			 -10,   -5,   -5,   -5, 
			  -5,   -5,   -5,    0, 
		},
		{
			 -15,   -5,  -10,   -5, 
			 -11,    5,    5,    5, 
			  -5,    5,    0,   15, 
			  -5,    0,   10,   15, 
			 -15,    5,   15,   15, 
			 -15,    5,    9,    5, 
			 -15,    0,   -5,   -1, 
			 -25,  -15,  -15,  -15, 
		},
		{
			 -55,  -35,  -25,  -29, 
			 -45,  -19,    5,    5, 
			 -25,   -5,   15,   20, 
			 -35,   10,   15,   15, 
			 -25,    1,   10,   19, 
			 -35,    0,    5,   10, 
			 -45,  -25,   -5,    0, 
			 -55,  -45,  -35,  -35, 
		},
		{
			   0,    0,    0,    0, 
			  55,   55,   55,   55, 
			  15,   15,   25,   35, 
			  10,   10,   15,   20, 
			   5,    5,    5,   15, 
			   0,    0,  -15,    5, 
			  10,   15,   10,  -15, 
			   0,    0,    0,    0, 
		},
	},
}
Iteration: 1
Error: 0.114918
{
	{ 0, 14, 4, 0, 0, 0 },
	{ 0, 910, 496, 320, 310, 100 },
	{ 0, 910, 510, 320, 310, 110 },
	{
		{
			 -20,  -30,  -30,  -40, 
			 -20,  -30,  -30,  -40, 
			 -20,  -30,  -30,  -40, 
			 -34,  -30,  -30,  -60, 
			 -24,  -20,  -20,  -50, 
			 -14,  -20,  -30,  -30, 
			  25,   10,   -5,  -10, 
			  10,   40,    0,    0, 
		},
		{
			 -10,    0,    0,   -1, 
			   0,    1,   10,   10, 
			   0,   10,   15,   15, 
			  -5,  -10,   15,   15, 
			   6,    5,    9,   11, 
			   0,    9,    4,   -5, 
			 -20,  -10,   15,   -4, 
			 -30,  -20,  -20,   -9, 
		},
		{
			  10,   10,   10,   10, 
			  15,   20,   20,   20, 
			   5,   10,   10,   10, 
			   5,   10,   10,   10, 
			   5,   10,   10,   10, 
			   5,   -6,   10,  -10, 
			 -15,  -10,  -10,  -10, 
			 -10,  -10,   10,   10, 
		},
		{
			 -20,   -4,  -20,    0, 
			 -20,  -10,    0,  -10, 
			   0,   10,   -5,   20, 
			   0,   15,   15,   20, 
			   0,  -10,   16,   20, 
			   0,   15,   15,   11, 
			 -20,   15,   10,  -10, 
			 -30,    0,  -20,  -20, 
		},
		{
			 -60,  -44,  -20,  -40, 
			 -30,  -20,    5,  -10, 
			 -20,   -4,    0,   25, 
			 -20,    5,   25,   30, 
			 -20,   10,   15,   10, 
			 -40,   15,    0,   15, 
			 -30,  -30,  -10,   -5, 
			 -60,  -30,  -20,  -40, 
		},
		{
			   0,    0,    0,    0, 
			  60,   60,   60,   60, 
			  20,   20,   30,   40, 
			  15,    0,   15,   15, 
			  -5,    0,   -1,   15, 
			   6,    5,    0,    0, 
			  -5,   20,    4,  -25, 
			   0,    0,    0,    0, 
		},
	},
	{
		{
			 -40,  -30,  -20,  -10, 
			 -20,  -10,    0,   10, 
			 -20,    0,   30,   40, 
			 -20,    0,   34,   30, 
			 -20,    0,   20,   30, 
			 -40,   -4,   10,   20, 
			 -40,  -30,   -5,   -5, 
			 -60,  -30,  -30,  -40, 
		},
		{
			 -10,    0,    0,    5, 
			   0,   10,   10,   10, 
			   0,   10,   15,   15, 
			   5,   10,   15,   15, 
			   0,    6,   15,   15, 
			 -20,   15,   -1,    5, 
			  -5,  -10,   11,  -10, 
			 -30,  -20,  -20,  -15, 
		},
		{
			  10,   10,   10,   10, 
			  15,   20,   20,   20, 
			   5,   10,   10,   10, 
			   5,   10,   10,   10, 
			  -1,    6,    6,    6, 
			  -9,  -10,  -10,    6, 
			 -15,  -10,  -10,  -10, 
			 -10,  -10,  -10,   -5, 
		},
		{
			 -10,  -10,   -5,    0, 
			  -6,   10,    4,   10, 
			 -10,    5,   -5,   20, 
			 -10,   -5,   15,   20, 
			 -20,   10,   16,   20, 
			 -20,    6,    8,    5, 
			 -20,   -5,    0,    0, 
			 -25,  -20,  -20,  -20, 
		},
		{
			 -60,  -30,  -20,  -34, 
			 -50,  -19,   10,    4, 
			 -20,  -10,   20,   25, 
			 -40,   15,   15,   14, 
			 -20,    2,    5,   24, 
			 -40,   -5,    0,    5, 
			 -50,  -30,  -10,   -5, 
			 -60,  -44,  -40,  -40, 
		},
		{
			   0,    0,    0,    0, 
			  60,   60,   60,   60, 
			  20,   20,   30,   40, 
			  15,   15,   20,   15, 
			  10,   10,    5,   10, 
			   1,    5,  -15,   10, 
			  11,   16,    9,  -10, 
			   0,    0,    0,    0, 
		},
	},
}
Iteration: 2
Error: 0.114068
{
	{ 0, 19, 4, 0, 0, 0 },
	{ 0, 915, 491, 315, 305, 95 },
	{ 0, 915, 515, 315, 305, 115 },
	{
		{
			 -15,  -25,  -25,  -35, 
			 -15,  -25,  -25,  -35, 
			 -15,  -25,  -25,  -35, 
			 -39,  -25,  -35,  -59, 
			 -29,  -15,  -15,  -55, 
			 -19,  -25,  -35,  -35, 
			  30,   11,   -5,  -15, 
			   5,   45,   -5,    5, 
		},
		{
			  -5,    5,    5,   -6, 
			   5,    2,   15,   15, 
			   5,   15,   20,   20, 
			  -6,  -15,   20,   20, 
			   7,   10,   10,   12, 
			   5,    9,    4,  -10, 
			 -25,  -11,   10,   -4, 
			 -35,  -25,  -25,  -10, 
		},
		{
			  15,   15,   15,   15, 
			  20,   25,   25,   25, 
			  10,   15,   15,   15, 
			  10,   15,   15,   15, 
			  10,   10,   15,    9, 
			   5,   -5,   15,  -15, 
			 -20,  -15,  -15,  -15, 
			 -15,  -10,    9,    9, 
		},
		{
			 -15,   -4,  -25,    5, 
			 -25,  -15,   -5,  -15, 
			   5,   15,  -10,   25, 
			   5,   10,   20,   15, 
			   1,  -15,   11,   20, 
			   5,   16,   14,   10, 
			 -25,   16,   15,  -15, 
			 -35,    5,  -25,  -25, 
		},
		{
			 -65,  -43,  -15,  -45, 
			 -25,  -25,    6,  -15, 
			 -15,    1,   -5,   30, 
			 -15,    0,   30,   25, 
			 -15,   15,   10,    5, 
			 -45,   20,   -5,   16, 
			 -25,  -35,  -15,  -10, 
			 -65,  -35,  -15,  -45, 
		},
		{
			   0,    0,    0,    0, 
			  65,   65,   65,   65, 
			  25,   15,   35,   45, 
			  20,    5,   14,   10, 
			  -5,    0,   -2,   15, 
			   5,   10,    1,   -1, 
			 -10,   21,   -1,  -30, 
			   0,    0,    0,    0, 
		},
	},
	{
		{
			 -35,  -25,  -15,   -5, 
			 -15,   -5,    5,   15, 
			 -15,    5,   35,   41, 
			 -15,    5,   29,   25, 
			 -15,    1,   15,   29, 
			 -35,   -9,    5,   15, 
			 -40,  -30,  -10,  -10, 
			 -65,  -35,  -30,  -45, 
		},
		{
			  -5,    5,    5,   10, 
			   5,   15,   15,   15, 
			   5,   15,   20,   20, 
			  10,   15,   20,   20, 
			   0,    1,   20,   20, 
			 -25,   20,   -6,   10, 
			  -4,  -15,   16,  -15, 
			 -35,  -25,  -25,  -20, 
		},
		{
			  15,   15,   15,   15, 
			  20,   25,   25,   25, 
			  10,   15,   15,   15, 
			  10,   15,   15,   15, 
			  -1,    5,    1,    7, 
			  -8,  -11,  -15,   11, 
			 -20,  -15,  -15,  -15, 
			 -15,  -15,  -10,  -10, 
		},
		{
			 -11,   -5,    0,    5, 
			  -5,   15,    5,   15, 
			 -10,    6,    0,   25, 
			  -9,   -5,   20,   25, 
			 -21,   15,   16,   25, 
			 -21,    7,   13,   10, 
			 -25,  -10,    5,    5, 
			 -20,  -25,  -25,  -20, 
		},
		{
			 -65,  -25,  -15,  -39, 
			 -55,  -18,   11,    4, 
			 -15,  -15,   25,   30, 
			 -35,   16,   15,   19, 
			 -15,    2,    0,   24, 
			 -45,  -10,   -5,    0, 
			 -55,  -35,  -15,  -10, 
			 -65,  -49,  -45,  -45, 
		},
		{
			   0,    0,    0,    0, 
			  65,   65,   65,   65, 
			  25,   25,   35,   45, 
			  14,   15,   20,   10, 
			  15,   15,    5,    5, 
			   2,   10,  -15,   15, 
			  11,   16,    8,   -5, 
			   0,    0,    0,    0, 
		},
	},
}
Iteration: 3
Error: 0.113429
{
	{ 0, 18, 4, 1, 0, 0 },
	{ 0, 920, 486, 310, 300, 90 },
	{ 0, 920, 520, 310, 300, 120 },
	{
		{
			 -10,  -20,  -30,  -30, 
			 -10,  -20,  -20,  -30, 
			 -10,  -20,  -20,  -35, 
			 -44,  -20,  -34,  -59, 
			 -34,  -20,  -10,  -54, 
			 -24,  -26,  -34,  -40, 
			  35,   12,   -5,  -20, 
			   0,   50,  -10,   10, 
		},
		{
			   0,   10,   10,   -6, 
			  10,    3,   20,   20, 
			  10,   20,   25,   25, 
			  -6,  -14,   25,   25, 
			   7,    9,    9,   13, 
			  10,    8,    4,  -10, 
			 -30,  -10,   10,   -5, 
			 -40,  -30,  -30,  -15, 
		},
		{
			  20,   20,   20,   20, 
			  25,   30,   30,   30, 
			  15,   20,   20,   20, 
			  10,   20,   20,   20, 
			  15,   11,   20,    9, 
			   4,   -4,   20,  -20, 
			 -25,  -20,  -20,  -20, 
			 -20,   -9,    4,    8, 
		},
		{
			 -10,   -4,  -30,   10, 
			 -30,  -20,   -5,  -20, 
			  10,   20,  -15,   30, 
			   5,    5,   25,   10, 
			  -4,  -15,   10,   15, 
			  10,   16,    9,    5, 
			 -30,   15,   16,  -16, 
			 -40,   10,  -30,  -30, 
		},
		{
			 -70,  -42,  -10,  -50, 
			 -20,  -30,    1,  -20, 
			 -10,    6,  -10,   35, 
			 -10,   -5,   35,   20, 
			 -10,   20,    9,    0, 
			 -50,   21,  -10,   15, 
			 -20,  -40,  -20,  -15, 
			 -70,  -40,  -10,  -46, 
		},
		{
			   0,    0,    0,    0, 
			  70,   70,   70,   70, 
			  30,   10,   40,   50, 
			  20,    5,    9,   11, 
			 -10,   -1,   -3,   15, 
			   0,    9,    0,   -6, 
			 -15,   20,   -2,  -29, 
			   0,    0,    0,    0, 
		},
	},
	{
		{
			 -30,  -20,  -10,    0, 
			 -10,    0,   10,   20, 
			 -10,   10,   40,   40, 
			 -10,   10,   28,   25, 
			 -20,    0,   14,   24, 
			 -35,   -9,    0,   10, 
			 -40,  -35,  -11,  -10, 
			 -70,  -40,  -31,  -50, 
		},
		{
			   0,   10,   10,   15, 
			  10,   20,   20,   20, 
			  10,   20,   25,   25, 
			  15,   20,   25,   25, 
			  -5,    2,   25,   25, 
			 -30,   19,  -11,   15, 
			   1,  -20,   15,  -14, 
			 -40,  -30,  -30,  -25, 
		},
		{
			  20,   20,   20,   20, 
			  21,   26,   30,   30, 
			  15,   20,   20,   20, 
			  11,   10,   15,   20, 
			  -6,    5,    1,    7, 
			  -8,  -11,  -20,   10, 
			 -25,  -20,  -20,  -20, 
			 -20,  -20,  -10,  -15, 
		},
		{
			  -6,   -4,    5,   10, 
			  -5,   20,   10,   20, 
			 -10,    7,    5,   30, 
			  -8,   -5,   25,   30, 
			 -21,   20,   21,   30, 
			 -20,   12,   18,   15, 
			 -30,  -15,    6,    6, 
			 -15,  -30,  -30,  -15, 
		},
		{
			 -70,  -30,  -10,  -34, 
			 -60,  -23,   12,    5, 
			 -10,  -20,   30,   30, 
			 -40,   17,   16,   19, 
			 -10,    2,   -5,   29, 
			 -50,   -9,  -10,   -5, 
			 -60,  -40,  -20,   -9, 
			 -70,  -49,  -50,  -50, 
		},
		{
			   0,    0,    0,    0, 
			  70,   70,   70,   70, 
			  30,   30,   40,   50, 
			  14,   15,   20,    5, 
			  14,   20,    4,    4, 
			   3,   10,  -15,   20, 
			  11,   16,    8,    0, 
			   0,    0,    0,    0, 
		},
	},
}
Iteration: 4
Error: 0.112944
{
	{ 0, 17, 4, 1, 1, 0 },
	{ 0, 925, 481, 305, 295, 85 },
	{ 0, 925, 521, 305, 295, 125 },
	{
		{
			  -5,  -15,  -35,  -25, 
			  -9,  -15,  -15,  -25, 
			  -5,  -15,  -15,  -40, 
			 -49,  -15,  -33,  -60, 
			 -39,  -25,   -9,  -59, 
			 -29,  -31,  -29,  -45, 
			  40,   13,   -5,  -25, 
			   5,   55,  -15,   15, 
		},
		{
			   5,   15,   15,   -6, 
			  15,    3,   25,   25, 
			  15,   25,   30,   30, 
			 -11,  -19,   25,   30, 
			   7,    9,    8,    8, 
			  11,    9,    3,  -15, 
			 -35,   -9,    9,   -6, 
			 -45,  -35,  -35,  -14, 
		},
		{
			  25,   25,   25,   25, 
			  25,   35,   35,   35, 
			  20,   25,   25,   25, 
			  11,   25,   25,   25, 
			  14,    6,   25,    4, 
			  -1,   -9,   20,  -20, 
			 -30,  -25,  -25,  -25, 
			 -25,  -10,   -1,    3, 
		},
		{
			  -5,    1,  -35,    9, 
			 -35,  -25,   -6,  -25, 
			  15,   25,  -20,   35, 
			   6,    4,   30,    5, 
			  -4,  -20,    5,   10, 
			   5,   11,    9,    4, 
			 -35,   14,   17,  -21, 
			 -45,   15,  -31,  -35, 
		},
		{
			 -75,  -41,   -5,  -55, 
			 -15,  -29,    6,  -25, 
			  -5,    6,  -15,   35, 
			  -5,  -10,   40,   15, 
			  -5,   25,    4,   -5, 
			 -55,   22,  -15,   16, 
			 -15,  -45,  -25,  -20, 
			 -75,  -45,   -5,  -46, 
		},
		{
			   0,    0,    0,    0, 
			  75,   75,   75,   75, 
			  35,    5,   45,   55, 
			  15,    4,    9,   11, 
			 -15,   -2,   -4,   14, 
			  -5,    9,   -1,   -6, 
			 -20,   20,   -3,  -30, 
			   0,    0,    0,    0, 
		},
	},
	{
		{
			 -25,  -15,   -5,    5, 
			  -5,    5,   15,   25, 
			  -5,   15,   45,   39, 
			  -5,   15,   27,   24, 
			 -20,   -1,    9,   25, 
			 -35,  -10,   -5,    5, 
			 -45,  -34,  -16,  -11, 
			 -75,  -45,  -32,  -55, 
		},
		{
			   5,   15,   15,   20, 
			  15,   25,   25,   25, 
			  15,   25,   30,   30, 
			  20,   25,   30,   30, 
			 -10,    3,   30,   30, 
			 -29,   14,  -10,   16, 
			   6,  -25,   16,   -9, 
			 -45,  -35,  -35,  -30, 
		},
		{
			  25,   21,   25,   25, 
			  21,   26,   35,   35, 
			  20,   25,   25,   25, 
			  11,   10,   14,   20, 
			  -5,    5,   -4,    8, 
			  -7,  -11,  -25,   10, 
			 -26,  -25,  -25,  -20, 
			 -25,  -25,  -10,  -16, 
		},
		{
			  -6,   -4,    4,    9, 
			   0,   25,   11,   25, 
			  -5,    8,   10,   35, 
			  -8,   -5,   25,   35, 
			 -16,   25,   21,   35, 
			 -20,   17,   17,   20, 
			 -35,  -20,   11,    6, 
			 -10,  -35,  -35,  -10, 
		},
		{
			 -75,  -29,   -5,  -33, 
			 -65,  -23,   11,   10, 
			  -5,  -20,   35,   35, 
			 -40,   17,   15,   24, 
			  -9,    7,  -10,   34, 
			 -55,   -9,  -15,  -10, 
			 -65,  -45,  -25,   -9, 
			 -75,  -49,  -55,  -55, 
		},
		{
			   0,    0,    0,    0, 
			  75,   75,   75,   75, 
			  35,   35,   45,   55, 
			  13,   14,   19,    0, 
			  15,   21,    3,    3, 
			   3,    9,  -15,   25, 
			  12,   15,    3,    5, 
			   0,    0,    0,    0, 
		},
	},
}
Iteration: 5
Error: 0.112577
{
	{ 0, 12, 4, 1, 1, 0 },
	{ 0, 930, 476, 300, 290, 80 },
	{ 0, 930, 520, 300, 290, 130 },
	{
		{
			   0,  -10,  -40,  -20, 
			  -8,  -10,  -10,  -20, 
			   0,  -10,  -10,  -35, 
			 -54,  -10,  -32,  -65, 
			 -44,  -30,   -4,  -64, 
			 -34,  -30,  -24,  -50, 
			  39,   14,   -5,  -30, 
			  10,   55,  -20,   20, 
		},
		{
			  10,   20,   20,  -11, 
			  20,    4,   30,   30, 
			  20,   30,   35,   35, 
			 -11,  -20,   20,   29, 
			   7,    9,    3,    7, 
			  12,    8,    3,  -15, 
			 -36,   -9,    8,   -7, 
			 -50,  -40,  -40,  -14, 
		},
		{
			  30,   30,   30,   30, 
			  26,   40,   40,   40, 
			  21,   30,   30,   30, 
			   6,   26,   30,   30, 
			   9,    6,   20,    3, 
			  -6,  -14,   21,  -25, 
			 -35,  -30,  -26,  -30, 
			 -30,  -15,   -6,    2, 
		},
		{
			   0,    2,  -40,   14, 
			 -34,  -24,   -5,  -30, 
			  20,   26,  -25,   40, 
			   1,   -1,   31,    5, 
			  -9,  -25,    0,   10, 
			   0,    6,    4,   -1, 
			 -40,    9,   12,  -22, 
			 -50,   20,  -36,  -40, 
		},
		{
			 -80,  -36,    0,  -60, 
			 -16,  -28,    1,  -30, 
			  -6,    7,  -20,   30, 
			   0,  -11,   45,   10, 
			  -5,   30,    3,   -6, 
			 -60,   17,  -16,   17, 
			 -10,  -50,  -30,  -25, 
			 -80,  -45,    0,  -41, 
		},
		{
			   0,    0,    0,    0, 
			  80,   80,   80,   80, 
			  36,    0,   50,   60, 
			  10,    4,    9,   12, 
			 -20,   -3,   -4,   14, 
			  -6,    9,    0,   -7, 
			 -25,   19,   -4,  -30, 
			   0,    0,    0,    0, 
		},
	},
	{
		{
			 -20,  -10,    0,   10, 
			   0,   10,   20,   30, 
			   0,   20,   50,   39, 
			   0,   20,   26,   24, 
			 -20,   -2,    8,   26, 
			 -35,  -11,  -10,    0, 
			 -46,  -35,  -21,  -11, 
			 -80,  -50,  -33,  -60, 
		},
		{
			  10,   20,   20,   25, 
			  20,   30,   30,   30, 
			  16,   30,   35,   35, 
			  25,   30,   35,   35, 
			 -15,   -2,   35,   35, 
			 -34,    9,  -15,   21, 
			  11,  -30,   11,   -4, 
			 -50,  -40,  -40,  -35, 
		},
		{
			  30,   21,   30,   30, 
			  26,   27,   40,   40, 
			  25,   30,   30,   30, 
			  11,    9,    9,   21, 
			  -4,    6,   -4,    8, 
			  -2,   -6,  -26,   15, 
			 -26,  -30,  -26,  -15, 
			 -30,  -30,   -9,  -21, 
		},
		{
			  -1,    1,    9,   10, 
			   5,   30,   10,   30, 
			  -6,   13,   11,   40, 
			  -7,   -6,   26,   40, 
			 -11,   30,   26,   40, 
			 -21,   22,   22,   25, 
			 -40,  -25,   16,    7, 
			  -9,  -40,  -40,   -9, 
		},
		{
			 -80,  -29,    0,  -28, 
			 -66,  -18,   16,   15, 
			   0,  -25,   40,   40, 
			 -45,   22,   10,   24, 
			  -8,   12,  -15,   39, 
			 -60,   -4,  -15,  -15, 
			 -70,  -50,  -30,   -8, 
			 -80,  -49,  -54,  -60, 
		},
		{
			   0,    0,    0,    0, 
			  80,   80,   80,   80, 
			  40,   40,   50,   60, 
			  13,   14,   14,   -1, 
			  15,   22,    2,    2, 
			   2,    8,  -20,   30, 
			  12,   14,    4,   10, 
			   0,    0,    0,    0, 
		},
	},
}
Iteration: 6
Error: 0.112287
{
	{ 0, 11, 4, 2, 1, 0 },
	{ 0, 935, 471, 295, 285, 75 },
	{ 0, 935, 521, 295, 285, 135 },
	{
		{
			   5,   -5,  -45,  -15, 
			 -13,   -5,   -5,  -15, 
			   5,   -5,   -5,  -40, 
			 -59,   -5,  -37,  -70, 
			 -49,  -35,   -9,  -63, 
			 -39,  -35,  -19,  -55, 
			  39,    9,    0,  -35, 
			  15,   56,  -25,   20, 
		},
		{
			  15,   25,   25,  -16, 
			  25,   -1,   35,   35, 
			  25,   35,   40,   35, 
			 -10,  -25,   21,   28, 
			   8,   10,    2,    6, 
			  17,    8,    4,  -20, 
			 -41,   -4,    8,   -8, 
			 -55,  -45,  -45,  -15, 
		},
		{
			  31,   35,   35,   35, 
			  21,   45,   45,   45, 
			  16,   35,   35,   35, 
			   1,   25,   35,   30, 
			   4,    1,   20,   -2, 
			 -11,  -19,   16,  -30, 
			 -40,  -35,  -27,  -35, 
			 -35,  -15,   -7,    1, 
		},
		{
			   5,    3,  -45,   15, 
			 -39,  -29,   -4,  -35, 
			  25,   25,  -30,   45, 
			   2,   -2,   31,    0, 
			 -14,  -30,   -5,    5, 
			  -1,    5,   -1,   -6, 
			 -45,    8,   13,  -27, 
			 -55,   25,  -37,  -45, 
		},
		{
			 -85,  -31,    5,  -65, 
			 -11,  -33,    2,  -35, 
			 -11,   12,  -25,   25, 
			   5,  -16,   50,    9, 
			 -10,   35,    2,  -11, 
			 -65,   16,  -21,   18, 
			  -5,  -55,  -35,  -30, 
			 -85,  -50,    1,  -41, 
		},
		{
			   0,    0,    0,    0, 
			  85,   85,   85,   85, 
			  31,   -5,   51,   65, 
			  10,    3,    9,   17, 
			 -25,   -8,   -5,   14, 
			 -11,    9,    0,   -7, 
			 -30,   18,   -5,  -29, 
			   0,    0,    0,    0, 
		},
	},
	{
		{
			 -15,   -5,    5,   15, 
			   5,   15,   25,   35, 
			   5,   25,   55,   38, 
			   5,   25,   21,   25, 
			 -25,   -2,    7,   21, 
			 -36,  -12,  -15,    0, 
			 -45,  -34,  -21,  -12, 
			 -85,  -55,  -33,  -65, 
		},
		{
			  15,   25,   25,   30, 
			  25,   35,   35,   35, 
			  11,   35,   40,   40, 
			  30,   35,   35,   40, 
			 -20,   -1,   40,   40, 
			 -39,    4,  -20,   26, 
			  16,  -35,   11,    1, 
			 -55,  -45,  -45,  -40, 
		},
		{
			  35,   21,   35,   35, 
			  27,   28,   41,   41, 
			  30,   31,   35,   35, 
			  16,   10,    9,   16, 
			  -3,   11,   -4,    8, 
			  -2,   -6,  -26,   15, 
			 -26,  -35,  -26,  -15, 
			 -35,  -35,  -14,  -22, 
		},
		{
			  -1,    0,    9,   11, 
			  10,   35,   15,   35, 
			  -1,   14,   16,   45, 
			  -6,   -6,   26,   45, 
			  -6,   35,   31,   45, 
			 -20,   27,   23,   25, 
			 -45,  -30,   16,    8, 
			  -4,  -45,  -45,   -4, 
		},
		{
			 -85,  -24,    5,  -23, 
			 -65,  -18,   16,   20, 
			   5,  -25,   45,   45, 
			 -50,   23,   10,   29, 
			  -3,   12,  -20,   44, 
			 -65,   -4,  -10,  -10, 
			 -75,  -55,  -31,   -3, 
			 -85,  -44,  -53,  -65, 
		},
		{
			   0,    0,    0,    0, 
			  85,   85,   85,   85, 
			  45,   45,   55,   61, 
			  12,   14,   15,   -6, 
			  16,   22,    2,    2, 
			   1,    3,  -19,   35, 
			  13,   13,    5,   11, 
			   0,    0,    0,    0, 
		},
	},
}
Iteration: 7
Error: 0.112071
{
	{ 0, 10, 4, 2, 1, 0 },
	{ 0, 940, 466, 290, 280, 70 },
	{ 0, 935, 522, 296, 285, 140 },
	{
		{
			  10,    0,  -44,  -10, 
			 -18,    0,    0,  -10, 
			  10,    0,    0,  -39, 
			 -64,  -10,  -32,  -75, 
			 -54,  -40,   -8,  -58, 
			 -44,  -40,  -14,  -60, 
			  38,   10,   -1,  -40, 
			  15,   56,  -25,   25, 
		},
		{
			  20,   30,   30,  -21, 
			  30,    0,   36,   40, 
			  30,   40,   45,   30, 
			 -11,  -24,   22,   27, 
			   8,   10,   -3,    1, 
			  17,    9,    4,  -20, 
			 -46,   -4,    8,  -13, 
			 -54,  -50,  -45,  -15, 
		},
		{
			  26,   40,   40,   40, 
			  20,   50,   50,   50, 
			  11,   40,   40,   40, 
			  -4,   20,   36,   30, 
			  -1,   -4,   15,   -1, 
			 -16,  -24,   16,  -30, 
			 -45,  -40,  -32,  -40, 
			 -40,  -16,   -7,   -4, 
		},
		{
			  10,    4,  -50,   20, 
			 -38,  -28,   -3,  -40, 
			  30,   20,  -35,   50, 
			  -3,   -7,   26,   -5, 
			 -15,  -30,   -5,    0, 
			  -6,    0,   -1,  -11, 
			 -50,    8,    8,  -28, 
			 -60,   30,  -38,  -50, 
		},
		{
			 -90,  -26,   10,  -70, 
			  -6,  -32,   -3,  -40, 
			 -11,   13,  -30,   20, 
			  10,  -21,   51,    4, 
			 -15,   40,    1,  -16, 
			 -70,   11,  -26,   13, 
			   0,  -60,  -40,  -35, 
			 -90,  -55,   -4,  -36, 
		},
		{
			   0,    0,    0,    0, 
			  90,   90,   90,   90, 
			  26,  -10,   46,   65, 
			   5,   -2,   10,   17, 
			 -30,   -8,   -5,   14, 
			 -16,    9,   -1,  -12, 
			 -35,   17,   -6,  -30, 
			   0,    0,    0,    0, 
		},
	},
	{
		{
			 -15,    0,    4,   20, 
			   6,   20,   30,   40, 
			  10,   30,   60,   37, 
			   4,   30,   22,   26, 
			 -24,   -3,    2,   21, 
			 -36,  -13,  -16,    0, 
			 -45,  -39,  -22,  -13, 
			 -90,  -60,  -34,  -70, 
		},
		{
			  20,   30,   30,   35, 
			  30,   40,   40,   40, 
			   6,   40,   45,   45, 
			  35,   40,   30,   45, 
			 -25,    0,   45,   45, 
			 -44,   -1,  -25,   26, 
			  21,  -40,    6,    6, 
			 -54,  -50,  -50,  -45, 
		},
		{
			  40,   26,   40,   40, 
			  28,   27,   42,   40, 
			  31,   30,   40,   40, 
			  16,   10,    8,   16, 
			   2,   12,   -4,    9, 
			  -1,   -5,  -26,   16, 
			 -21,  -34,  -25,  -14, 
			 -36,  -40,  -14,  -21, 
		},
		{
			   4,    1,   10,   10, 
			  15,   40,   15,   40, 
			  -6,   14,   21,   50, 
			  -5,   -6,   31,   50, 
			  -5,   36,   26,   46, 
			 -21,   27,   23,   30, 
			 -50,  -35,   21,    8, 
			  -4,  -50,  -50,    1, 
		},
		{
			 -90,  -24,   10,  -24, 
			 -70,  -17,   17,   19, 
			   6,  -24,   50,   46, 
			 -49,   28,   11,   34, 
			   2,   13,  -20,   44, 
			 -70,   -4,   -5,  -10, 
			 -80,  -60,  -26,    2, 
			 -90,  -39,  -48,  -70, 
		},
		{
			   0,    0,    0,    0, 
			  90,   90,   90,   90, 
			  50,   50,   60,   61, 
			  12,   13,   14,   -6, 
			  16,   22,    1,   -3, 
			   1,    3,  -19,   35, 
			  13,   12,    4,   16, 
			   0,    0,    0,    0, 
		},
	},
}
Iteration: 8
Error: 0.111886
{
	{ 0, 9, 4, 3, 1, 0 },
	{ 0, 945, 461, 285, 275, 65 },
	{ 0, 930, 523, 295, 286, 145 },
	{
		{
			  15,    5,  -49,   -5, 
			 -23,    5,    5,   -5, 
			  15,    5,    0,  -44, 
			 -69,  -15,  -33,  -76, 
			 -53,  -39,   -3,  -53, 
			 -49,  -41,   -9,  -65, 
			  33,    5,   -1,  -45, 
			  20,   55,  -24,   26, 
		},
		{
			  25,   35,   35,  -26, 
			  35,    0,   31,   45, 
			  35,   45,   50,   25, 
			 -16,  -29,   23,   22, 
			   9,   11,   -4,   -4, 
			  22,   10,    4,  -25, 
			 -45,   -4,    7,  -13, 
			 -59,  -55,  -44,  -16, 
		},
		{
			  21,   45,   40,   45, 
			  15,   51,   55,   55, 
			   6,   41,   45,   45, 
			  -9,   21,   37,   31, 
			  -6,   -9,   14,    0, 
			 -21,  -29,   11,  -35, 
			 -50,  -45,  -32,  -45, 
			 -45,  -17,  -12,   -9, 
		},
		{
			  15,    9,  -55,   21, 
			 -43,  -33,   -8,  -45, 
			  35,   25,  -40,   50, 
			  -8,   -8,   26,   -6, 
			 -20,  -35,  -10,    0, 
			  -6,   -5,   -6,  -12, 
			 -55,    8,    3,  -29, 
			 -65,   35,  -39,  -55, 
		},
		{
			 -95,  -21,   15,  -75, 
			  -1,  -31,   -4,  -45, 
			 -11,    8,  -35,   15, 
			  15,  -22,   51,   -1, 
			 -15,   45,   -4,  -21, 
			 -75,   10,  -27,   12, 
			   5,  -65,  -45,  -35, 
			 -95,  -54,   -5,  -37, 
		},
		{
			   0,    0,    0,    0, 
			  95,   95,   95,   95, 
			  21,  -15,   41,   65, 
			   0,   -2,   10,   16, 
			 -35,   -8,   -6,   14, 
			 -21,    8,   -6,  -12, 
			 -40,   16,   -7,  -31, 
			   0,    0,    0,    0, 
		},
	},
	{
		{
			 -15,    5,    5,   15, 
			   6,   25,   35,   45, 
			  15,   35,   61,   38, 
			  -1,   30,   21,   25, 
			 -29,   -4,    2,   20, 
			 -36,  -14,  -21,    1, 
			 -44,  -38,  -27,  -13, 
			 -95,  -65,  -39,  -75, 
		},
		{
			  25,   30,   35,   40, 
			  35,   45,   45,   45, 
			   1,   45,   50,   50, 
			  40,   45,   25,   46, 
			 -30,    1,   50,   46, 
			 -49,   -6,  -25,   31, 
			  26,  -39,    6,   11, 
			 -54,  -55,  -55,  -50, 
		},
		{
			  40,   25,   45,   45, 
			  29,   26,   37,   35, 
			  31,   30,   40,   39, 
			  17,   10,    9,   11, 
			   2,   13,   -4,    4, 
			   0,   -4,  -26,   17, 
			 -21,  -34,  -25,  -14, 
			 -36,  -41,  -14,  -21, 
		},
		{
			   5,    1,   11,   10, 
			  20,   45,   15,   45, 
			  -7,   14,   26,   50, 
			   0,   -6,   26,   51, 
			  -5,   37,   31,   46, 
			 -22,   32,   28,   30, 
			 -49,  -40,   21,    8, 
			   1,  -55,  -55,    2, 
		},
		{
			 -95,  -29,   11,  -24, 
			 -71,  -22,   18,   24, 
			   7,  -29,   51,   51, 
			 -54,   28,   11,   39, 
			   2,   13,  -15,   49, 
			 -75,   -4,   -5,  -10, 
			 -85,  -65,  -25,    2, 
			 -95,  -39,  -48,  -75, 
		},
		{
			   0,    0,    0,    0, 
			  95,   95,   95,   95, 
			  55,   55,   65,   61, 
			  11,   13,    9,   -5, 
			  15,   21,   -4,   -3, 
			   1,    3,  -20,   35, 
			  14,   11,    3,   17, 
			   0,    0,    0,    0, 
		},
	},
}
Iteration: 9
Error: 0.111741
{
	{ 0, 8, 4, 3, 1, 0 },
	{ 0, 946, 456, 280, 270, 60 },
	{ 0, 925, 528, 296, 285, 150 },
	{
		{
			  20,    5,  -54,    0, 
			 -28,   10,   10,    0, 
			  20,   10,   -5,  -49, 
			 -74,  -20,  -34,  -75, 
			 -52,  -44,   -4,  -48, 
			 -54,  -41,   -4,  -70, 
			  28,    0,   -1,  -45, 
			  15,   54,  -23,   27, 
		},
		{
			  30,   40,   40,  -31, 
			  35,   -5,   26,   50, 
			  40,   50,   55,   20, 
			 -17,  -29,   23,   23, 
			   9,   10,   -9,   -4, 
			  23,    9,    4,  -26, 
			 -44,   -4,    6,  -13, 
			 -58,  -60,  -45,  -16, 
		},
		{
			  16,   45,   35,   45, 
			  15,   46,   60,   60, 
			   7,   36,   50,   50, 
			 -14,   16,   32,   31, 
			 -11,  -14,    9,   -5, 
			 -26,  -34,    6,  -40, 
			 -55,  -44,  -37,  -50, 
			 -46,  -22,  -17,  -10, 
		},
		{
			  20,    9,  -60,   26, 
			 -38,  -34,   -9,  -50, 
			  40,   26,  -45,   49, 
			  -8,   -9,   27,  -11, 
			 -19,  -35,  -10,   -5, 
			  -7,   -5,   -6,  -13, 
			 -60,    7,    4,  -30, 
			 -70,   36,  -40,  -60, 
		},
		{
			-100,  -16,   20,  -80, 
			   4,  -36,   -9,  -50, 
			 -12,   13,  -40,   10, 
			  20,  -23,   46,   -1, 
			 -20,   40,   -9,  -21, 
			 -76,   10,  -28,   11, 
			  10,  -70,  -50,  -35, 
			-100,  -54,   -5,  -32, 
		},
		{
			   0,    0,    0,    0, 
			 100,  100,  100,  100, 
			  16,  -20,   36,   64, 
			   0,   -2,   11,   15, 
			 -35,   -9,   -6,   13, 
			 -26,    7,   -5,  -13, 
			 -45,   15,   -8,  -31, 
			   0,    0,    0,    0, 
		},
	},
	{
		{
			 -16,   10,    0,   10, 
			   1,   30,   40,   50, 
			  20,   40,   61,   33, 
			   4,   30,   22,   24, 
			 -28,   -3,    1,   19, 
			 -37,  -15,  -22,    0, 
			 -44,  -37,  -26,  -13, 
			-100,  -65,  -40,  -80, 
		},
		{
			  30,   35,   40,   45, 
			  40,   50,   50,   46, 
			   1,   50,   55,   55, 
			  45,   50,   26,   45, 
			 -29,   -4,   55,   46, 
			 -48,  -11,  -20,   36, 
			  31,  -44,   11,   16, 
			 -59,  -60,  -60,  -55, 
		},
		{
			  41,   24,   44,   50, 
			  29,   26,   36,   35, 
			  32,   30,   35,   34, 
			  17,   10,    4,   11, 
			   2,   12,   -4,    4, 
			   1,   -3,  -26,   18, 
			 -21,  -34,  -25,   -9, 
			 -37,  -41,   -9,  -21, 
		},
		{
			   6,    0,   11,    5, 
			  21,   46,   15,   50, 
			  -6,   15,   26,   51, 
			  -5,   -6,   26,   56, 
			   0,   37,   36,   51, 
			 -21,   37,   28,   35, 
			 -44,  -45,   21,    8, 
			   6,  -60,  -60,    7, 
		},
		{
			-100,  -29,   12,  -19, 
			 -70,  -17,   23,   29, 
			   8,  -30,   56,   56, 
			 -59,   29,   11,   40, 
			   7,   18,  -15,   54, 
			 -80,   -4,   -5,  -10, 
			 -90,  -70,  -20,    2, 
			-100,  -39,  -43,  -74, 
		},
		{
			   0,    0,    0,    0, 
			 100,  100,  100,  100, 
			  55,   60,   65,   56, 
			  10,   12,    9,   -6, 
			  16,   20,   -3,   -4, 
			   1,   -2,  -21,   35, 
			  15,   10,    2,   22, 
			   0,    0,    0,    0, 
		},
	},
}
Iteration: 10
Error: 0.111623
{
	{ 0, 7, 4, 3, 1, 0 },
	{ 0, 941, 451, 275, 265, 55 },
	{ 0, 920, 529, 297, 285, 151 },
	{
		{
			  25,   10,  -59,    5, 
			 -27,   15,   15,    1, 
			  25,   15,   -5,  -54, 
			 -79,  -25,  -39,  -76, 
			 -47,  -49,    1,  -43, 
			 -59,  -40,   -4,  -70, 
			  27,    0,   -1,  -45, 
			  20,   55,  -23,   26, 
		},
		{
			  35,   45,   45,  -36, 
			  40,    0,   31,   55, 
			  45,   55,   60,   20, 
			 -18,  -30,   24,   23, 
			   9,   11,   -8,   -4, 
			  24,    9,    5,  -27, 
			 -49,    1,    5,  -14, 
			 -53,  -59,  -40,  -15, 
		},
		{
			  11,   45,   36,   40, 
			  10,   45,   65,   65, 
			   7,   37,   55,   55, 
			 -13,   16,   31,   26, 
			 -16,  -13,   10,   -5, 
			 -31,  -39,    5,  -45, 
			 -60,  -49,  -42,  -55, 
			 -47,  -23,  -18,  -11, 
		},
		{
			  25,    9,  -65,   31, 
			 -37,  -34,   -8,  -55, 
			  45,   27,  -50,   50, 
			  -7,  -10,   27,  -10, 
			 -24,  -35,  -15,   -5, 
			  -8,  -10,   -7,  -18, 
			 -65,    6,    3,  -31, 
			 -75,   41,  -41,  -65, 
		},
		{
			-105,  -11,   20,  -85, 
			   9,  -41,   -8,  -55, 
			 -11,   14,  -45,    5, 
			  25,  -24,   46,   -1, 
			 -20,   35,   -9,  -26, 
			 -76,    9,  -29,   12, 
			  15,  -75,  -55,  -36, 
			-105,  -55,  -10,  -37, 
		},
		{
			   0,    0,    0,    0, 
			 105,  105,  105,  105, 
			  11,  -25,   36,   69, 
			  -5,   -2,   12,   15, 
			 -40,  -10,   -6,   13, 
			 -27,    6,   -5,  -14, 
			 -46,   14,   -8,  -31, 
			   0,    0,    0,    0, 
		},
	},
	{
		{
			 -16,   15,    1,   10, 
			   0,   35,   45,   55, 
			  15,   45,   61,   38, 
			   4,   31,   21,   24, 
			 -28,   -4,    0,   18, 
			 -36,  -15,  -22,    0, 
			 -43,  -36,  -26,  -13, 
			-101,  -65,  -39,  -80, 
		},
		{
			  35,   35,   45,   50, 
			  45,   50,   55,   45, 
			   1,   45,   60,   60, 
			  50,   55,   27,   45, 
			 -29,   -4,   54,   47, 
			 -53,  -16,  -20,   36, 
			  36,  -49,   16,   21, 
			 -59,  -65,  -65,  -60, 
		},
		{
			  42,   24,   45,   50, 
			  29,   26,   31,   30, 
			  31,   30,   34,   34, 
			  18,   10,    5,   12, 
			   3,   13,   -3,    4, 
			   2,    2,  -27,   23, 
			 -16,  -34,  -20,   -9, 
			 -37,  -36,   -9,  -21, 
		},
		{
			   1,    0,   16,    4, 
			  22,   46,   16,   51, 
			 -11,   15,   27,   51, 
			  -5,   -6,   26,   57, 
			   1,   37,   36,   51, 
			 -21,   38,   28,   35, 
			 -44,  -50,   22,    8, 
			   6,  -60,  -65,   12, 
		},
		{
			-105,  -34,   12,  -14, 
			 -75,  -12,   24,   29, 
			   9,  -31,   61,   57, 
			 -64,   29,   11,   39, 
			   7,   18,  -15,   54, 
			 -85,   -4,   -5,  -10, 
			 -89,  -75,  -20,    2, 
			-105,  -44,  -38,  -74, 
		},
		{
			   0,    0,    0,    0, 
			 105,  105,  105,  105, 
			  56,   65,   65,   57, 
			  10,   12,    9,   -6, 
			  16,   20,   -3,   -4, 
			   1,   -2,  -21,   35, 
			  15,   10,    2,   22, 
			   0,    0,    0,    0, 
		},
	},
}
Iteration: 11
Error: 0.111524
{
	{ 0, 6, 4, 3, 1, 0 },
	{ 0, 936, 446, 270, 260, 50 },
	{ 0, 921, 530, 297, 285, 156 },
	{
		{
			  30,    9,  -64,   10, 
			 -28,   20,   20,    0, 
			  30,   20,    0,  -59, 
			 -84,  -30,  -34,  -71, 
			 -48,  -44,    1,  -38, 
			 -64,  -39,    1,  -70, 
			  28,    1,    0,  -40, 
			  21,   55,  -23,   25, 
		},
		{
			  40,   50,   45,  -41, 
			  45,    0,   32,   60, 
			  45,   60,   65,   21, 
			 -17,  -30,   23,   24, 
			   9,   11,   -9,   -3, 
			  29,   10,    5,  -27, 
			 -54,    2,    5,  -15, 
			 -53,  -64,  -40,  -15, 
		},
		{
			  16,   46,   31,   35, 
			  10,   40,   70,   70, 
			   7,   32,   60,   60, 
			 -18,   11,   26,   26, 
			 -21,  -18,    5,   -6, 
			 -36,  -44,    5,  -46, 
			 -65,  -54,  -47,  -55, 
			 -48,  -28,  -19,  -12, 
		},
		{
			  30,   14,  -70,   36, 
			 -37,  -33,   -7,  -60, 
			  50,   22,  -55,   45, 
			  -7,  -11,   27,   -9, 
			 -25,  -36,  -15,  -10, 
			 -13,  -11,   -8,  -18, 
			 -66,    5,    3,  -32, 
			 -80,   41,  -41,  -70, 
		},
		{
			-110,   -6,   15,  -90, 
			  14,  -46,   -7,  -60, 
			 -12,   13,  -50,    6, 
			  30,  -25,   47,   -2, 
			 -19,   35,   -9,  -25, 
			 -75,    9,  -30,   11, 
			  20,  -80,  -60,  -37, 
			-110,  -55,  -15,  -32, 
		},
		{
			   0,    0,    0,    0, 
			 110,  110,  110,  110, 
			   6,  -30,   36,   68, 
			  -4,   -2,   12,   15, 
			 -40,  -11,   -7,   12, 
			 -28,    6,   -5,  -14, 
			 -46,   14,   -9,  -31, 
			   0,    0,    0,    0, 
		},
	},
	{
		{
			 -15,   20,    2,   10, 
			   1,   40,   50,   56, 
			  16,   50,   60,   37, 
			   4,   32,   21,   24, 
			 -29,   -5,    0,   17, 
			 -31,  -16,  -27,    1, 
			 -43,  -36,  -26,  -14, 
			-100,  -66,  -39,  -85, 
		},
		{
			  40,   35,   46,   50, 
			  50,   55,   56,   46, 
			   1,   50,   65,   65, 
			  55,   60,   32,   45, 
			 -29,    1,   54,   48, 
			 -52,  -21,  -15,   35, 
			  41,  -54,   16,   26, 
			 -64,  -70,  -64,  -65, 
		},
		{
			  41,   19,   46,   51, 
			  30,   27,   31,   25, 
			  30,   29,   34,   29, 
			  23,   10,   10,   13, 
			   8,   13,   -2,    4, 
			   7,    3,  -32,   23, 
			 -16,  -29,  -20,   -9, 
			 -37,  -36,   -9,  -21, 
		},
		{
			   0,   -1,   15,    4, 
			  27,   51,   16,   56, 
			 -16,   15,   32,   52, 
			  -5,   -5,   26,   57, 
			   6,   38,   36,   56, 
			 -20,   38,   28,   35, 
			 -44,  -50,   21,    7, 
			  11,  -60,  -70,   12, 
		},
		{
			-104,  -34,   17,  -14, 
			 -80,   -7,   24,   34, 
			  14,  -32,   66,   57, 
			 -69,   29,   11,   39, 
			   8,   19,  -10,   54, 
			 -90,   -4,   -5,  -10, 
			 -88,  -80,  -15,    2, 
			-110,  -44,  -33,  -74, 
		},
		{
			   0,    0,    0,    0, 
			 110,  110,  110,  110, 
			  57,   70,   66,   56, 
			  10,    7,    9,   -6, 
			  16,   19,   -3,   -9, 
			   1,   -2,  -26,   35, 
			  15,    9,    2,   21, 
			   0,    0,    0,    0, 
		},
	},
}
Iteration: 12
Error: 0.11144
{
	{ 0, 6, 4, 3, 1, 0 },
	{ 0, 931, 441, 265, 255, 45 },
	{ 0, 916, 531, 298, 286, 157 },
	{
		{
			  35,    4,  -69,   15, 
			 -27,   15,   21,   -1, 
			  30,   25,    5,  -64, 
			 -89,  -35,  -29,  -70, 
			 -48,  -43,    1,  -33, 
			 -69,  -38,    6,  -69, 
			  23,   -4,   -1,  -40, 
			  20,   54,  -23,   26, 
		},
		{
			  45,   55,   46,  -46, 
			  40,    0,   27,   65, 
			  50,   60,   66,   16, 
			 -18,  -31,   22,   24, 
			   9,   12,   -8,   -3, 
			  29,   11,    0,  -27, 
			 -53,    2,    4,  -16, 
			 -48,  -64,  -40,  -14, 
		},
		{
			  11,   51,   26,   30, 
			   5,   39,   70,   75, 
			   7,   32,   65,   65, 
			 -23,   11,   26,   21, 
			 -26,  -23,    0,  -11, 
			 -41,  -45,    6,  -46, 
			 -70,  -59,  -47,  -55, 
			 -49,  -28,  -20,  -13, 
		},
		{
			  35,   14,  -75,   41, 
			 -37,  -32,   -7,  -65, 
			  55,   21,  -60,   40, 
			  -6,  -12,   26,  -14, 
			 -24,  -36,  -16,  -10, 
			 -12,  -12,   -9,  -18, 
			 -65,    5,    3,  -32, 
			 -85,   41,  -41,  -75, 
		},
		{
			-115,   -1,   20,  -95, 
			  19,  -45,   -7,  -65, 
			 -12,   13,  -55,    1, 
			  35,  -25,   48,   -2, 
			 -20,   36,  -10,  -26, 
			 -76,    4,  -31,   11, 
			  25,  -85,  -65,  -38, 
			-115,  -56,  -15,  -33, 
		},
		{
			   0,    0,    0,    0, 
			 115,  115,  115,  115, 
			   7,  -35,   36,   68, 
			  -4,   -2,   13,   15, 
			 -45,  -11,   -7,   12, 
			 -29,    5,   -4,  -14, 
			 -47,   13,   -9,  -31, 
			   0,    0,    0,    0, 
		},
	},
	{
		{
			 -20,   20,   -3,   10, 
			   2,   45,   55,   55, 
			  15,   55,   55,   38, 
			   4,   33,   20,   23, 
			 -34,   -4,    0,   16, 
			 -31,  -17,  -27,    2, 
			 -38,  -36,  -27,  -13, 
			-101,  -66,  -39,  -85, 
		},
		{
			  41,   40,   46,   55, 
			  55,   55,   61,   47, 
			   1,   55,   64,   70, 
			  60,   65,   33,   50, 
			 -29,    1,   59,   43, 
			 -57,  -21,  -10,   35, 
			  46,  -59,   21,   31, 
			 -63,  -75,  -64,  -70, 
		},
		{
			  42,   19,   46,   52, 
			  30,   26,   26,   24, 
			  30,   30,   29,   30, 
			  23,   10,   10,   18, 
			   8,   18,    3,    9, 
			   7,    4,  -32,   22, 
			 -17,  -29,  -20,   -9, 
			 -37,  -36,   -9,  -21, 
		},
		{
			   1,   -1,   14,   -1, 
			  28,   51,   17,   61, 
			 -16,   15,   32,   53, 
			  -4,   -4,   26,   62, 
			   7,   38,   41,   56, 
			 -25,   43,   28,   35, 
			 -43,  -55,   22,    7, 
			  16,  -61,  -75,   17, 
		},
		{
			-109,  -33,   16,  -14, 
			 -80,   -6,   24,   35, 
			  14,  -27,   71,   57, 
			 -74,   30,   11,   40, 
			   8,   24,   -9,   54, 
			 -85,    1,   -5,  -10, 
			 -93,  -85,  -10,    7, 
			-105,  -39,  -33,  -74, 
		},
		{
			   0,    0,    0,    0, 
			 110,  115,  115,  115, 
			  56,   70,   66,   56, 
			   9,    7,    4,   -6, 
			  16,   19,   -3,   -8, 
			   1,   -2,  -26,   35, 
			  15,    9,    2,   26, 
			   0,    0,    0,    0, 
		},
	},
}
Iteration: 13
Error: 0.111358
{
	{ 0, 6, 4, 4, 1, 0 },
	{ 0, 926, 436, 260, 250, 40 },
	{ 0, 915, 531, 297, 286, 158 },
	{
		{
			  40,   -1,  -74,   15, 
			 -26,   16,   16,   -6, 
			  35,   20,    6,  -63, 
			 -94,  -40,  -28,  -65, 
			 -43,  -44,    6,  -28, 
			 -74,  -37,   11,  -68, 
			  18,   -9,    0,  -41, 
			  21,   54,  -23,   27, 
		},
		{
			  50,   60,   47,  -51, 
			  39,   -1,   22,   70, 
			  51,   61,   66,   11, 
			 -17,  -36,   21,   19, 
			   9,   12,  -13,   -3, 
			  30,   12,    5,  -27, 
			 -58,    7,    3,  -17, 
			 -47,  -59,  -40,  -13, 
		},
		{
			  12,   46,   25,   25, 
			   6,   39,   75,   80, 
			   8,   33,   70,   70, 
			 -28,   11,   21,   16, 
			 -31,  -28,   -5,  -16, 
			 -46,  -50,    6,  -51, 
			 -75,  -64,  -48,  -55, 
			 -50,  -28,  -21,  -14, 
		},
		{
			  40,   14,  -80,   42, 
			 -36,  -32,   -6,  -70, 
			  60,   22,  -65,   41, 
			  -5,  -13,   26,  -14, 
			 -29,  -41,  -16,  -11, 
			 -11,  -17,   -9,  -19, 
			 -70,    5,    4,  -33, 
			 -90,   41,  -41,  -75, 
		},
		{
			-120,    4,   21, -100, 
			  24,  -46,  -12,  -70, 
			 -12,   13,  -60,    2, 
			  40,  -25,   43,   -7, 
			 -25,   31,  -15,  -27, 
			 -76,    4,  -32,   12, 
			  30,  -90,  -70,  -43, 
			-120,  -57,  -20,  -34, 
		},
		{
			   0,    0,    0,    0, 
			 120,  110,  120,  120, 
			   2,  -40,   35,   69, 
			  -9,   -2,   18,   14, 
			 -45,  -11,   -7,   13, 
			 -29,    5,   -4,  -14, 
			 -47,   13,   -9,  -30, 
			   0,    0,    0,    0, 
		},
	},
	{
		{
			 -15,   19,   -2,   11, 
			  -3,   50,   56,   56, 
			  16,   60,   60,   38, 
			   4,   34,   19,   22, 
			 -33,   -4,    0,   16, 
			 -31,  -16,  -28,    2, 
			 -38,  -31,  -27,  -13, 
			-101,  -65,  -39,  -85, 
		},
		{
			  40,   40,   47,   55, 
			  60,   56,   66,   42, 
			   6,   50,   69,   75, 
			  59,   70,   33,   50, 
			 -29,    1,   59,   44, 
			 -57,  -20,  -10,   35, 
			  51,  -64,   20,   31, 
			 -62,  -80,  -63,  -75, 
		},
		{
			  41,   19,   47,   53, 
			  29,   26,   26,   19, 
			  31,   29,   29,   25, 
			  24,   10,   10,   17, 
			   9,   18,    3,    9, 
			   7,    5,  -32,   22, 
			 -16,  -28,  -20,  -10, 
			 -37,  -36,   -9,  -21, 
		},
		{
			  -4,    0,   19,   -2, 
			  23,   51,   12,   61, 
			 -16,   15,   37,   53, 
			  -3,   -4,   26,   62, 
			   7,   43,   41,   55, 
			 -25,   44,   29,   35, 
			 -38,  -55,   17,    6, 
			  16,  -60,  -75,   18, 
		},
		{
			-114,  -38,   11,  -14, 
			 -80,   -6,   24,   40, 
			   9,  -32,   66,   57, 
			 -75,   29,   16,   45, 
			   9,   25,   -4,   54, 
			 -85,    1,   -5,  -10, 
			 -93,  -90,   -5,   12, 
			-105,  -34,  -28,  -73, 
		},
		{
			   0,    0,    0,    0, 
			 109,  120,  120,  115, 
			  61,   75,   66,   56, 
			  14,    7,    4,   -6, 
			  17,   19,   -8,   -8, 
			   1,   -3,  -26,   35, 
			  15,    9,    2,   21, 
			   0,    0,    0,    0, 
		},
	},
}
Iteration: 14
Error: 0.111292
{
	{ 0, 6, 4, 4, 1, 0 },
	{ 0, 921, 431, 255, 245, 40 },
	{ 0, 910, 532, 297, 286, 158 },
	{
		{
			  45,   -6,  -79,   20, 
			 -21,   11,   17,   -5, 
			  40,   15,    1,  -68, 
			 -99,  -45,  -27,  -60, 
			 -38,  -44,    6,  -23, 
			 -79,  -37,   16,  -68, 
			  18,  -10,    0,  -41, 
			  20,   54,  -24,   27, 
		},
		{
			  55,   65,   52,  -56, 
			  39,    0,   17,   75, 
			  51,   62,   61,    6, 
			 -22,  -36,   21,   20, 
			   9,   12,  -12,   -3, 
			  31,   13,    5,  -27, 
			 -63,    8,    3,  -18, 
			 -46,  -59,  -39,  -12, 
		},
		{
			  12,   47,   26,   20, 
			   6,   39,   80,   85, 
			   3,   28,   75,   75, 
			 -33,    6,   21,   15, 
			 -36,  -28,  -10,  -17, 
			 -46,  -49,    6,  -52, 
			 -80,  -65,  -48,  -60, 
			 -51,  -28,  -22,  -15, 
		},
		{
			  41,   14,  -85,   42, 
			 -31,  -32,   -1,  -75, 
			  65,   23,  -70,   40, 
			 -10,  -14,   26,  -19, 
			 -24,  -40,  -21,  -12, 
			 -12,  -17,   -9,  -20, 
			 -70,    5,    4,  -34, 
			 -95,   41,  -41,  -80, 
		},
		{
			-125,    9,   21, -105, 
			  29,  -41,  -12,  -75, 
			  -7,   18,  -65,    3, 
			  45,  -30,   44,   -7, 
			 -25,   31,  -20,  -28, 
			 -75,    4,  -33,    7, 
			  35,  -95,  -75,  -42, 
			-125,  -58,  -20,  -33, 
		},
		{
			   0,    0,    0,    0, 
			 125,  105,  125,  125, 
			  -3,  -45,   35,   69, 
			 -14,   -2,   17,   14, 
			 -45,  -11,   -6,   14, 
			 -29,    5,   -3,  -14, 
			 -47,   13,   -9,  -29, 
			   0,    0,    0,    0, 
		},
	},
	{
		{
			 -15,   18,   -2,   12, 
			  -2,   55,   56,   57, 
			  11,   65,   59,   38, 
			   5,   35,   20,   23, 
			 -33,   -3,   -1,   15, 
			 -26,  -16,  -28,    2, 
			 -37,  -31,  -27,  -13, 
			-101,  -65,  -39,  -84, 
		},
		{
			  40,   41,   47,   60, 
			  65,   57,   71,   37, 
			   5,   55,   74,   80, 
			  64,   75,   32,   50, 
			 -29,    2,   59,   44, 
			 -56,  -20,  -10,   34, 
			  56,  -69,   20,   31, 
			 -57,  -85,  -64,  -80, 
		},
		{
			  41,   19,   46,   53, 
			  29,   25,   26,   19, 
			  31,   29,   24,   24, 
			  24,   10,   10,   18, 
			   9,   19,    8,    9, 
			   8,    4,  -32,   22, 
			 -11,  -27,  -20,  -10, 
			 -37,  -36,   -9,  -21, 
		},
		{
			  -3,    0,   19,   -3, 
			  23,   52,   11,   66, 
			 -21,   15,   42,   52, 
			  -4,   -4,   25,   62, 
			   6,   43,   41,   55, 
			 -25,   44,   29,   36, 
			 -38,  -55,   18,    6, 
			  21,  -55,  -76,   23, 
		},
		{
			-119,  -38,   16,   -9, 
			 -80,   -5,   25,   41, 
			  10,  -32,   71,   57, 
			 -75,   29,   17,   45, 
			  10,   26,    1,   54, 
			 -85,    1,    0,   -5, 
			 -98,  -95,    0,   13, 
			-100,  -29,  -23,  -73, 
		},
		{
			   0,    0,    0,    0, 
			 108,  120,  125,  115, 
			  61,   75,   66,   55, 
			  14,    7,    4,   -6, 
			  17,   19,   -8,   -8, 
			   1,   -3,  -26,   35, 
			  15,    9,    2,   21, 
			   0,    0,    0,    0, 
		},
	},
}
Iteration: 15
Error: 0.111232
{
	{ 0, 6, 4, 4, 1, 0 },
	{ 0, 916, 426, 250, 240, 40 },
	{ 0, 911, 532, 297, 286, 158 },
	{
		{
			  50,   -5,  -84,   25, 
			 -16,    6,   12,   -4, 
			  45,   10,   -4,  -73, 
			-104,  -50,  -27,  -60, 
			 -33,  -44,    6,  -18, 
			 -84,  -37,   16,  -68, 
			  18,  -11,    0,  -41, 
			  21,   54,  -24,   28, 
		},
		{
			  60,   65,   47,  -61, 
			  34,   -5,   17,   80, 
			  51,   62,   56,    1, 
			 -21,  -36,   22,   20, 
			   9,   13,  -12,   -3, 
			  31,   13,    5,  -28, 
			 -68,   13,    3,  -17, 
			 -45,  -54,  -38,  -12, 
		},
		{
			   7,   47,   27,   15, 
			   6,   40,   80,   86, 
			  -2,   23,   80,   80, 
			 -38,    5,   21,   15, 
			 -36,  -33,  -15,  -17, 
			 -46,  -49,    1,  -52, 
			 -85,  -65,  -48,  -60, 
			 -52,  -29,  -23,  -16, 
		},
		{
			  46,   14,  -90,   41, 
			 -31,  -27,   -6,  -80, 
			  70,   18,  -75,   40, 
			 -11,  -15,   25,  -18, 
			 -23,  -40,  -20,  -12, 
			 -11,  -17,  -10,  -21, 
			 -69,    4,   -1,  -34, 
			-100,   36,  -42,  -80, 
		},
		{
			-130,   14,   26, -110, 
			  34,  -42,  -12,  -80, 
			  -7,   13,  -70,    4, 
			  50,  -30,   39,   -8, 
			 -26,   26,  -20,  -29, 
			 -80,    3,  -34,    7, 
			  40, -100,  -80,  -43, 
			-130,  -59,  -19,  -38, 
		},
		{
			   0,    0,    0,    0, 
			 130,  105,  125,  130, 
			  -3,  -50,   36,   69, 
			 -13,   -2,   17,   15, 
			 -45,  -11,   -6,   14, 
			 -30,    5,   -4,  -14, 
			 -47,   13,   -9,  -29, 
			   0,    0,    0,    0, 
		},
	},
	{
		{
			 -15,   18,   -1,    7, 
			  -3,   60,   56,   57, 
			  12,   70,   59,   38, 
			   4,   35,   20,   23, 
			 -33,   -3,   -1,   14, 
			 -25,  -17,  -29,    2, 
			 -37,  -30,  -27,  -14, 
			-100,  -65,  -39,  -84, 
		},
		{
			  35,   36,   52,   65, 
			  70,   57,   72,   37, 
			   5,   55,   79,   85, 
			  63,   76,   33,   50, 
			 -28,    1,   59,   44, 
			 -55,  -20,  -15,   34, 
			  61,  -74,   25,   31, 
			 -52,  -90,  -63,  -85, 
		},
		{
			  42,   18,   46,   58, 
			  29,   25,   26,   18, 
			  31,   30,   25,   19, 
			  29,   10,   10,   17, 
			  14,   20,    8,    9, 
			   9,    3,  -32,   22, 
			 -11,  -27,  -20,  -10, 
			 -37,  -36,   -9,  -21, 
		},
		{
			  -3,    0,   19,   -2, 
			  23,   53,   11,   71, 
			 -26,   20,   47,   53, 
			  -3,   -4,   26,   63, 
			   1,   43,   41,   56, 
			 -25,   44,   29,   36, 
			 -38,  -55,   23,    6, 
			  26,  -56,  -76,   23, 
		},
		{
			-120,  -39,   17,   -9, 
			 -85,   -5,   25,   46, 
			  10,  -32,   76,   57, 
			 -80,   34,   18,   44, 
			  10,   31,    1,   55, 
			 -80,    1,    0,   -5, 
			 -98,  -95,    5,    8, 
			 -99,  -28,  -23,  -72, 
		},
		{
			   0,    0,    0,    0, 
			 108,  121,  130,  115, 
			  60,   76,   66,   54, 
			  14,    7,    4,   -6, 
			  17,   18,   -8,   -8, 
			   1,   -3,  -25,   35, 
			  15,    9,    2,   26, 
			   0,    0,    0,    0, 
		},
	},
}
Iteration: 16
Error: 0.111178
{
	{ 0, 6, 4, 4, 1, 0 },
	{ 0, 911, 421, 245, 235, 39 },
	{ 0, 906, 533, 297, 286, 158 },
	{
		{
			  55,  -10,  -89,   30, 
			 -16,    1,    7,   -3, 
			  50,    5,   -5,  -78, 
			-109,  -55,  -27,  -55, 
			 -28,  -44,    6,  -13, 
			 -89,  -36,   16,  -68, 
			  18,  -11,    0,  -41, 
			  21,   54,  -23,   27, 
		},
		{
			  65,   70,   42,  -66, 
			  34,   -5,   16,   81, 
			  52,   62,   57,   -4, 
			 -22,  -37,   22,   20, 
			   9,   13,  -12,   -4, 
			  31,   13,    5,  -28, 
			 -68,   14,   -2,  -17, 
			 -50,  -54,  -39,  -12, 
		},
		{
			   8,   48,   22,   10, 
			   6,   40,   80,   86, 
			   3,   18,   85,   85, 
			 -43,    4,   16,   16, 
			 -41,  -34,  -15,  -17, 
			 -51,  -54,    2,  -52, 
			 -90,  -70,  -53,  -60, 
			 -53,  -29,  -24,  -17, 
		},
		{
			  46,   19,  -95,   40, 
			 -36,  -32,   -5,  -85, 
			  75,   19,  -80,   40, 
			 -12,  -16,   25,  -18, 
			 -23,  -40,  -20,  -13, 
			 -12,  -17,  -11,  -21, 
			 -74,    4,   -2,  -35, 
			-105,   37,  -42,  -85, 
		},
		{
			-135,   19,   27, -115, 
			  34,  -47,  -12,  -85, 
			 -12,   14,  -75,   -1, 
			  55,  -30,   40,   -8, 
			 -27,   27,  -20,  -29, 
			 -80,    2,  -35,    2, 
			  45, -105,  -85,  -43, 
			-135,  -59,  -24,  -38, 
		},
		{
			   0,    0,    0,    0, 
			 135,  106,  120,  135, 
			  -3,  -55,   36,   69, 
			 -13,   -2,   17,   15, 
			 -45,  -11,   -6,   14, 
			 -30,    5,   -4,  -14, 
			 -47,   13,   -9,  -29, 
			   0,    0,    0,    0, 
		},
	},
	{
		{
			 -15,   23,   -1,    7, 
			  -3,   59,   61,   57, 
			  11,   71,   60,   38, 
			   4,   36,   20,   22, 
			 -34,   -4,    0,   13, 
			 -24,  -17,  -29,    2, 
			 -37,  -30,  -27,  -14, 
			-100,  -65,  -39,  -84, 
		},
		{
			  36,   35,   52,   66, 
			  70,   62,   73,   36, 
			   5,   50,   79,   90, 
			  63,   81,   33,   50, 
			 -28,    1,   60,   45, 
			 -60,  -25,  -15,   33, 
			  66,  -79,   25,   31, 
			 -52,  -95,  -58,  -86, 
		},
		{
			  42,   18,   47,   57, 
			  30,   25,   25,   19, 
			  31,   35,   25,   18, 
			  29,   10,   10,   16, 
			  13,   20,    8,    9, 
			  10,    3,  -31,   22, 
			  -6,  -26,  -20,  -10, 
			 -37,  -36,   -9,  -21, 
		},
		{
			  -3,   -1,   24,   -1, 
			  28,   52,   16,   70, 
			 -26,   20,   48,   53, 
			   2,   -5,   26,   63, 
			   2,   43,   41,   56, 
			 -20,   43,   29,   36, 
			 -37,  -55,   24,    6, 
			  27,  -56,  -76,   23, 
		},
		{
			-115,  -44,   18,   -4, 
			 -84,   -5,   25,   47, 
			  11,  -31,   76,   62, 
			 -85,   34,   18,   44, 
			  10,   31,    1,   55, 
			 -79,    1,    0,   -4, 
			 -98,  -94,    5,    8, 
			 -94,  -28,  -23,  -72, 
		},
		{
			   0,    0,    0,    0, 
			 107,  120,  135,  110, 
			  60,   77,   67,   55, 
			  14,    7,    4,   -6, 
			  17,   18,   -8,   -8, 
			   1,   -3,  -25,   35, 
			  15,    9,    2,   21, 
			   0,    0,    0,    0, 
		},
	},
}
Iteration: 17
Error: 0.111128
{
	{ 0, 6, 4, 4, 1, 0 },
	{ 0, 906, 416, 240, 230, 39 },
	{ 0, 905, 533, 297, 286, 158 },
	{
		{
			  60,  -15,  -94,   30, 
			 -11,   -4,    2,   -8, 
			  55,    0,  -10,  -77, 
			-114,  -60,  -27,  -55, 
			 -28,  -43,    7,   -8, 
			 -94,  -35,   16,  -68, 
			  18,  -11,    0,  -41, 
			  21,   54,  -23,   27, 
		},
		{
			  70,   70,   42,  -71, 
			  34,   -5,   16,   81, 
			  52,   62,   58,   -4, 
			 -22,  -37,   21,   20, 
			   9,   13,  -12,   -4, 
			  32,   13,    5,  -28, 
			 -67,   14,   -1,  -17, 
			 -49,  -54,  -39,  -11, 
		},
		{
			   3,   48,   17,    5, 
			   1,   40,   80,   86, 
			  -2,   13,   90,   90, 
			 -48,    9,   16,   11, 
			 -42,  -34,  -15,  -18, 
			 -50,  -54,    3,  -53, 
			 -95,  -70,  -53,  -61, 
			 -53,  -34,  -25,  -18, 
		},
		{
			  51,   19, -100,   35, 
			 -35,  -37,  -10,  -90, 
			  80,   20,  -85,   40, 
			 -13,  -16,   25,  -18, 
			 -28,  -41,  -20,  -13, 
			 -13,  -17,  -12,  -22, 
			 -74,    3,   -3,  -36, 
			-110,   36,  -42,  -84, 
		},
		{
			-140,   24,   28, -120, 
			  35,  -47,  -12,  -90, 
			 -12,    9,  -80,   -1, 
			  55,  -30,   39,   -9, 
			 -27,   26,  -20,  -29, 
			 -81,    2,  -35,    2, 
			  45, -110,  -90,  -44, 
			-140,  -59,  -24,  -39, 
		},
		{
			   0,    0,    0,    0, 
			 140,  101,  115,  140, 
			  -3,  -60,   36,   69, 
			 -13,   -2,   17,   15, 
			 -45,  -11,   -6,   14, 
			 -30,    5,   -4,  -14, 
			 -47,   13,   -9,  -29, 
			   0,    0,    0,    0, 
		},
	},
	{
		{
			 -16,   18,    4,    2, 
			  -8,   60,   60,   57, 
			  10,   76,   60,   39, 
			   5,   37,   19,   22, 
			 -35,   -5,    0,   13, 
			 -24,  -16,  -29,    3, 
			 -36,  -30,  -27,  -14, 
			-100,  -65,  -40,  -84, 
		},
		{
			  31,   35,   52,   71, 
			  70,   62,   73,   36, 
			   6,   49,   84,   95, 
			  64,   81,   33,   50, 
			 -29,    1,   60,   45, 
			 -60,  -25,  -15,   33, 
			  71,  -78,   25,   31, 
			 -53, -100,  -63,  -91, 
		},
		{
			  42,   17,   48,   58, 
			  29,   25,   25,   19, 
			  32,   35,   20,   18, 
			  30,    9,   10,   17, 
			  13,   20,    8,    9, 
			   9,    4,  -31,   22, 
			  -6,  -26,  -19,  -10, 
			 -37,  -31,   -9,  -21, 
		},
		{
			  -2,   -1,   25,    0, 
			  27,   57,   16,   75, 
			 -25,   19,   53,   53, 
			   1,   -5,   26,   63, 
			   7,   43,   41,   56, 
			 -21,   43,   29,   36, 
			 -37,  -55,   24,    6, 
			  27,  -56,  -76,   24, 
		},
		{
			-115,  -43,   17,   -4, 
			 -84,   -5,   25,   47, 
			  11,  -31,   81,   62, 
			 -85,   34,   18,   44, 
			  15,   31,    1,   55, 
			 -78,    1,    0,   -4, 
			 -98,  -94,   10,    8, 
			 -93,  -28,  -23,  -71, 
		},
		{
			   0,    0,    0,    0, 
			 106,  121,  140,  109, 
			  60,   77,   67,   55, 
			  14,    7,    4,   -6, 
			  17,   18,   -8,   -8, 
			   1,   -3,  -25,   35, 
			  15,    9,    2,   21, 
			   0,    0,    0,    0, 
		},
	},
}
Iteration: 18
Error: 0.111082
{
	{ 0, 6, 4, 4, 1, 0 },
	{ 0, 901, 411, 235, 225, 34 },
	{ 0, 900, 533, 297, 286, 159 },
	{
		{
			  65,  -20,  -99,   35, 
			  -6,   -9,   -3,   -7, 
			  55,   -5,  -15,  -76, 
			-119,  -65,  -27,  -55, 
			 -23,  -38,    6,   -3, 
			 -99,  -35,   16,  -73, 
			  18,  -11,    0,  -41, 
			  21,   54,  -22,   27, 
		},
		{
			  75,   75,   42,  -76, 
			  34,   -6,   16,   81, 
			  47,   62,   53,   -9, 
			 -23,  -37,   21,   21, 
			   9,    8,  -11,   -4, 
			  33,   13,    5,  -28, 
			 -72,   14,    0,  -17, 
			 -48,  -53,  -39,  -10, 
		},
		{
			   3,   43,   17,    0, 
			   1,   35,   81,   86, 
			  -1,    8,   95,   90, 
			 -48,    9,   16,   11, 
			 -43,  -39,  -20,  -18, 
			 -55,  -54,   -2,  -54, 
			-100,  -70,  -53,  -61, 
			 -54,  -35,  -26,  -19, 
		},
		{
			  51,   18, -105,   30, 
			 -35,  -36,  -10,  -95, 
			  85,   15,  -90,   41, 
			 -13,  -16,   24,  -18, 
			 -28,  -40,  -20,  -13, 
			 -14,  -17,  -12,  -23, 
			 -73,    3,   -4,  -36, 
			-115,   37,  -42,  -84, 
		},
		{
			-145,   29,   33, -125, 
			  40,  -46,  -12,  -95, 
			  -7,   14,  -85,   -6, 
			  56,  -31,   38,  -10, 
			 -27,   26,  -20,  -30, 
			 -81,    1,  -35,    2, 
			  40, -115,  -95,  -44, 
			-145,  -59,  -23,  -34, 
		},
		{
			   0,    0,    0,    0, 
			 145,  101,  110,  145, 
			  -3,  -59,   36,   70, 
			 -13,   -2,   17,   15, 
			 -45,  -11,   -6,   14, 
			 -30,    5,   -4,  -14, 
			 -47,   13,   -9,  -28, 
			   0,    0,    0,    0, 
		},
	},
	{
		{
			 -21,   18,    5,    1, 
			  -9,   60,   61,   52, 
			  11,   75,   60,   39, 
			   6,   37,   19,   22, 
			 -35,   -5,    0,    8, 
			 -24,  -16,  -29,    3, 
			 -35,  -30,  -26,  -15, 
			-101,  -65,  -40,  -84, 
		},
		{
			  26,   34,   57,   71, 
			  75,   62,   73,   36, 
			  11,   50,   84,  100, 
			  69,   76,   34,   50, 
			 -30,    6,   55,   45, 
			 -60,  -24,  -15,   33, 
			  72,  -73,   25,   31, 
			 -53, -105,  -64,  -91, 
		},
		{
			  42,   17,   48,   58, 
			  29,   25,   25,   19, 
			  32,   35,   20,   17, 
			  30,    9,   10,   17, 
			  13,   25,    8,    9, 
			   9,    4,  -31,   22, 
			  -5,  -26,  -19,  -10, 
			 -37,  -31,   -9,  -21, 
		},
		{
			  -2,   -1,   26,    1, 
			  27,   57,   16,   76, 
			 -30,   19,   54,   54, 
			   1,   -5,   26,   63, 
			   6,   43,   41,   56, 
			 -21,   43,   29,   36, 
			 -36,  -56,   23,    6, 
			  32,  -55,  -76,   24, 
		},
		{
			-110,  -43,   12,    1, 
			 -85,   -5,   24,   52, 
			  11,  -30,   82,   62, 
			 -85,   34,   18,   44, 
			  15,   31,    1,   55, 
			 -83,    1,    0,   -4, 
			 -98,  -95,   15,    8, 
			 -93,  -28,  -18,  -71, 
		},
		{
			   0,    0,    0,    0, 
			 101,  122,  145,  109, 
			  60,   78,   67,   55, 
			  14,    7,    4,   -6, 
			  17,   18,   -8,   -8, 
			   1,   -3,  -25,   35, 
			  15,    9,    2,   21, 
			   0,    0,    0,    0, 
		},
	},
}
Iteration: 19
Error: 0.111041
{
	{ 0, 6, 4, 4, 1, 0 },
	{ 0, 896, 406, 230, 220, 34 },
	{ 0, 901, 533, 297, 286, 159 },
	{
		{
			  70,  -25, -104,   40, 
			  -1,  -14,   -8,  -12, 
			  55,  -10,  -16,  -81, 
			-124,  -70,  -27,  -55, 
			 -23,  -43,    6,    2, 
			-104,  -35,   16,  -73, 
			  13,  -11,    0,  -41, 
			  21,   54,  -22,   27, 
		},
		{
			  80,   80,   37,  -81, 
			  29,   -6,   16,   81, 
			  46,   62,   53,  -14, 
			 -22,  -37,   21,   21, 
			  10,    8,  -11,   -4, 
			  33,   13,    5,  -28, 
			 -72,   15,    0,  -17, 
			 -47,  -52,  -39,  -10, 
		},
		{
			   3,   43,   12,   -5, 
			   1,   35,   81,   81, 
			   0,    7,  100,   95, 
			 -53,    9,   16,    6, 
			 -42,  -40,  -20,  -23, 
			 -55,  -54,   -1,  -54, 
			-105,  -70,  -58,  -61, 
			 -54,  -35,  -26,  -19, 
		},
		{
			  52,   18, -110,   31, 
			 -35,  -36,  -10, -100, 
			  86,   15,  -95,   41, 
			 -13,  -17,   24,  -18, 
			 -28,  -41,  -20,  -14, 
			 -13,  -17,  -12,  -23, 
			 -78,    3,   -4,  -36, 
			-120,   37,  -42,  -84, 
		},
		{
			-150,   34,   28, -130, 
			  40,  -46,  -12, -100, 
			  -7,    9,  -90,   -6, 
			  51,  -31,   38,  -10, 
			 -27,   26,  -20,  -30, 
			 -82,    1,  -35,    2, 
			  40, -110, -100,  -44, 
			-150,  -59,  -28,  -39, 
		},
		{
			   0,    0,    0,    0, 
			 150,   96,  105,  150, 
			  -3,  -64,   36,   70, 
			 -13,   -2,   17,   15, 
			 -45,  -11,   -6,   14, 
			 -30,    5,   -4,  -14, 
			 -47,   13,   -9,  -28, 
			   0,    0,    0,    0, 
		},
	},
	{
		{
			 -16,   23,    4,    2, 
			  -9,   61,   61,   53, 
			  10,   74,   60,   40, 
			   7,   37,   20,   22, 
			 -34,   -5,   -1,    9, 
			 -23,  -16,  -29,    3, 
			 -35,  -30,  -26,  -15, 
			-101,  -65,  -40,  -84, 
		},
		{
			  21,   29,   57,   76, 
			  80,   63,   73,   31, 
			  11,   50,   84,  105, 
			  64,   76,   34,   49, 
			 -30,    6,   55,   45, 
			 -60,  -24,  -15,   33, 
			  73,  -78,   25,   31, 
			 -53, -110,  -64,  -91, 
		},
		{
			  42,   17,   48,   63, 
			  29,   26,   25,   20, 
			  32,   35,   15,   12, 
			  30,   10,   10,   17, 
			  13,   25,    8,    9, 
			  10,    4,  -31,   22, 
			   0,  -26,  -19,  -11, 
			 -37,  -31,   -9,  -21, 
		},
		{
			  -2,   -1,   31,    2, 
			  27,   52,   16,   81, 
			 -30,   19,   59,   53, 
			   1,   -5,   26,   63, 
			   6,   43,   41,   57, 
			 -20,   43,   29,   36, 
			 -36,  -56,   23,    6, 
			  32,  -55,  -76,   24, 
		},
		{
			-105,  -48,   17,    1, 
			 -85,   -5,   24,   57, 
			  11,  -29,   87,   67, 
			 -80,   34,   18,   44, 
			  14,   31,    1,   55, 
			 -83,    1,    0,   -4, 
			 -98,  -95,   14,    8, 
			 -93,  -27,  -18,  -71, 
		},
		{
			   0,    0,    0,    0, 
			 101,  122,  150,  109, 
			  60,   79,   67,   55, 
			  14,    7,    4,   -6, 
			  17,   18,   -8,   -8, 
			   1,   -3,  -25,   35, 
			  15,    9,    2,   22, 
			   0,    0,    0,    0, 
		},
	},
}
Iteration: 20
Error: 0.111
{
	{ 0, 6, 4, 4, 1, 0 },
	{ 0, 891, 401, 225, 215, 34 },
	{ 0, 896, 533, 302, 291, 159 },
	{
		{
			  75,  -30, -109,   45, 
			   0,  -19,  -13,  -11, 
			  60,  -15,  -15,  -86, 
			-129,  -75,  -27,  -55, 
			 -23,  -43,    6,    7, 
			-109,  -40,   16,  -73, 
			  13,  -12,   -1,  -41, 
			  20,   54,  -22,   27, 
		},
		{
			  85,   80,   37,  -86, 
			  30,   -6,   16,   81, 
			  46,   63,   53,  -15, 
			 -21,  -37,   21,   21, 
			  10,    8,  -11,   -4, 
			  33,   13,    5,  -28, 
			 -72,   15,    0,  -17, 
			 -46,  -52,  -39,  -10, 
		},
		{
			   3,   43,   12,  -10, 
			   1,   36,   76,   81, 
			  -5,    7,  105,  100, 
			 -53,    9,   16,    6, 
			 -42,  -40,  -20,  -23, 
			 -56,  -54,   -1,  -54, 
			-110,  -75,  -58,  -61, 
			 -55,  -35,  -26,  -20, 
		},
		{
			  51,   19, -115,   36, 
			 -35,  -36,  -10, -105, 
			  85,   15, -100,   36, 
			 -13,  -17,   24,  -18, 
			 -28,  -41,  -20,  -15, 
			 -14,  -17,  -12,  -23, 
			 -78,    3,   -4,  -36, 
			-125,   37,  -42,  -84, 
		},
		{
			-155,   39,   33, -135, 
			  45,  -41,  -11, -105, 
			 -12,    4,  -95,   -6, 
			  51,  -31,   38,  -10, 
			 -27,   26,  -19,  -30, 
			 -82,    1,  -35,    3, 
			  40, -110, -105,  -44, 
			-155,  -59,  -28,  -38, 
		},
		{
			   0,    0,    0,    0, 
			 155,   96,  100,  155, 
			  -3,  -64,   36,   70, 
			 -13,   -2,   17,   15, 
			 -45,  -11,   -6,   14, 
			 -30,    5,   -4,  -14, 
			 -47,   13,   -9,  -28, 
			   0,    0,    0,    0, 
		},
	},
	{
		{
			 -21,   24,    4,   -3, 
			  -9,   62,   61,   54, 
			  10,   74,   61,   40, 
			   6,   37,   19,   22, 
			 -35,   -5,   -1,    8, 
			 -22,  -16,  -29,    3, 
			 -35,  -31,  -27,  -15, 
			-101,  -65,  -40,  -84, 
		},
		{
			  21,   34,   57,   76, 
			  80,   63,   72,   31, 
			  11,   50,   85,  110, 
			  63,   81,   34,   49, 
			 -30,    7,   56,   45, 
			 -60,  -24,  -15,   33, 
			  72,  -79,   26,   31, 
			 -53, -115,  -64,  -91, 
		},
		{
			  42,   17,   48,   63, 
			  29,   26,   25,   20, 
			  32,   35,   15,   11, 
			  30,   10,   11,   17, 
			  13,   25,    8,    9, 
			  11,    3,  -31,   22, 
			   1,  -21,  -19,  -11, 
			 -37,  -31,   -9,  -21, 
		},
		{
			  -2,    0,   31,    1, 
			  26,   52,   16,   82, 
			 -30,   19,   59,   53, 
			   1,   -5,   26,   63, 
			   6,   43,   41,   56, 
			 -20,   43,   29,   36, 
			 -36,  -56,   23,    6, 
			  37,  -55,  -76,   25, 
		},
		{
			-100,  -43,   16,    2, 
			 -84,   -4,   24,   57, 
			  10,  -29,   88,   62, 
			 -81,   33,   18,   44, 
			  14,   26,    1,   55, 
			 -83,    1,    0,   -3, 
			 -98,  -95,   19,    8, 
			 -93,  -26,  -17,  -70, 
		},
		{
			   0,    0,    0,    0, 
			 101,  123,  155,  104, 
			  60,   79,   67,   55, 
			  14,    7,    4,   -6, 
			  17,   18,   -8,   -8, 
			   1,   -3,  -25,   35, 
			  15,    9,    2,   22, 
			   0,    0,    0,    0, 
		},
	},
}
Iteration: 21
Error: 0.110966
{
	{ 0, 6, 4, 4, 1, 0 },
	{ 0, 886, 396, 220, 210, 34 },
	{ 0, 896, 538, 302, 291, 159 },
	{
		{
			  80,  -35, -114,   50, 
			   0,  -24,  -18,  -16, 
			  65,  -20,  -20,  -91, 
			-134,  -74,  -27,  -55, 
			 -18,  -43,    6,   12, 
			-114,  -40,   16,  -73, 
			  13,  -11,   -1,  -41, 
			  20,   54,  -23,   28, 
		},
		{
			  90,   80,   36,  -91, 
			  30,   -6,   15,   86, 
			  46,   62,   52,  -20, 
			 -21,  -37,   21,   21, 
			  10,    8,  -11,   -4, 
			  33,   13,    5,  -28, 
			 -72,   14,    0,  -17, 
			 -51,  -47,  -40,  -10, 
		},
		{
			   2,   43,   13,  -15, 
			   1,   36,   76,   81, 
			  -5,    7,  110,  100, 
			 -52,    8,   16,    6, 
			 -42,  -40,  -20,  -23, 
			 -61,  -54,   -1,  -54, 
			-115,  -80,  -58,  -61, 
			 -55,  -35,  -26,  -20, 
		},
		{
			  50,   20, -120,   37, 
			 -35,  -31,  -10, -110, 
			  85,   15, -105,   36, 
			 -13,  -17,   24,  -19, 
			 -27,  -41,  -20,  -15, 
			 -14,  -17,  -12,  -23, 
			 -73,    3,   -4,  -36, 
			-130,   36,  -42,  -83, 
		},
		{
			-160,   44,   33, -140, 
			  44,  -42,  -11, -110, 
			 -12,    9, -100,   -6, 
			  51,  -31,   38,  -10, 
			 -26,   26,  -19,  -30, 
			 -82,    1,  -35,    3, 
			  45, -109, -110,  -44, 
			-160,  -59,  -29,  -37, 
		},
		{
			   0,    0,    0,    0, 
			 160,   97,   95,  160, 
			  -3,  -64,   36,   70, 
			 -13,   -2,   17,   15, 
			 -45,  -11,   -6,   14, 
			 -30,    5,   -4,  -14, 
			 -47,   13,   -9,  -28, 
			   0,    0,    0,    0, 
		},
	},
	{
		{
			 -22,   24,    3,   -3, 
			  -9,   62,   61,   54, 
			   9,   75,   62,   41, 
			  11,   38,   19,   22, 
			 -35,   -5,   -1,    8, 
			 -21,  -16,  -29,    3, 
			 -35,  -31,  -27,  -15, 
			-101,  -65,  -40,  -84, 
		},
		{
			  22,   34,   57,   81, 
			  75,   63,   72,   32, 
			  11,   50,   84,  115, 
			  63,   81,   34,   49, 
			 -30,    7,   56,   45, 
			 -60,  -24,  -15,   33, 
			  72,  -79,   26,   31, 
			 -53, -120,  -64,  -91, 
		},
		{
			  42,   17,   49,   63, 
			  29,   25,   25,   20, 
			  32,   35,   15,   11, 
			  31,   10,   11,   17, 
			  13,   25,    8,    9, 
			  11,    3,  -31,   22, 
			   6,  -21,  -19,  -11, 
			 -37,  -31,   -9,  -21, 
		},
		{
			  -3,    1,   36,    0, 
			  26,   52,   16,   87, 
			 -30,   20,   64,   53, 
			   1,    0,   26,   63, 
			   6,   43,   41,   56, 
			 -20,   43,   29,   36, 
			 -36,  -56,   23,    6, 
			  36,  -55,  -76,   25, 
		},
		{
			-100,  -43,   16,    1, 
			 -84,   -4,   24,   57, 
			  10,  -28,   93,   62, 
			 -81,   33,   18,   44, 
			  14,   26,    1,   55, 
			 -78,    1,    0,   -3, 
			-103,  -94,   19,    8, 
			 -93,  -26,  -17,  -75, 
		},
		{
			   0,    0,    0,    0, 
			 101,  123,  160,  104, 
			  60,   79,   67,   55, 
			  14,    7,    4,   -6, 
			  17,   18,   -8,   -8, 
			   1,   -3,  -25,   35, 
			  15,    9,    2,   22, 
			   0,    0,    0,    0, 
		},
	},
}
